#Creator: pendulumviewEventBuffer
#Creation time: Sat Apr 16 16:43:29 2011
#Time A	Pos A	Time B	Pos B
#[s]	[au]	[s]	[au]
0.025	531	0.050	426
0.076	534	0.102	421
0.126	531	0.152	425
0.177	531	0.203	424
0.228	526	0.253	425
0.279	528	0.304	429
0.330	531	0.355	442
0.380	535	0.406	461
0.431	539	0.456	485
0.482	531	0.507	523
0.533	530	0.557	556
0.583	525	0.609	590
0.634	534	0.659	630
0.684	535	0.710	665
0.736	534	0.760	691
0.786	537	0.811	714
0.837	538	0.862	729
0.887	539	0.913	736
0.938	542	0.963	743
0.988	542	1.014	734
1.040	550	1.064	720
1.090	555	1.115	697
1.141	552	1.166	667
1.191	553	1.217	637
1.242	555	1.267	607
1.293	556	1.318	567
1.344	553	1.368	530
1.394	547	1.420	500
1.445	539	1.470	471
1.495	545	1.521	451
1.547	539	1.571	438
1.597	535	1.622	427
1.648	530	1.673	430
1.698	525	1.724	440
1.749	520	1.774	456
1.799	517	1.825	483
1.851	524	1.875	513
1.901	518	1.926	545
1.952	518	1.977	584
2.002	513	2.028	616
2.053	518	2.078	647
2.104	520	2.129	672
2.155	522	2.179	698
2.205	530	2.231	722
2.256	535	2.281	729
2.306	539	2.332	734
2.358	546	2.382	731
2.408	554	2.433	720
2.459	558	2.484	699
2.509	560	2.535	676
2.560	574	2.586	648
2.610	565	2.636	614
2.662	564	2.687	584
2.712	572	2.737	545
2.763	561	2.789	511
2.813	560	2.839	482
2.864	554	2.890	460
2.915	545	2.940	438
2.966	540	2.991	436
3.016	532	3.042	437
3.067	524	3.093	439
3.117	514	3.143	455
3.169	511	3.194	476
3.219	509	3.244	508
3.270	504	3.296	533
3.320	500	3.346	566
3.371	497	3.397	600
3.422	499	3.447	631
3.473	503	3.498	662
3.523	518	3.548	692
3.574	517	3.600	707
3.624	526	3.650	724
3.675	538	3.701	733
3.726	540	3.751	727
3.777	555	3.802	720
3.827	558	3.853	703
3.878	569	3.904	681
3.928	572	3.954	656
3.980	586	4.005	625
4.030	581	4.055	592
4.081	586	4.107	560
4.131	579	4.157	532
4.182	576	4.208	502
4.233	568	4.258	476
4.284	558	4.309	468
4.334	549	4.359	447
4.385	538	4.411	443
4.435	526	4.461	451
4.486	515	4.512	457
4.537	500	4.562	467
4.588	498	4.613	496
4.638	491	4.664	525
4.689	483	4.715	553
4.739	470	4.765	586
4.791	483	4.816	618
4.841	492	4.866	648
4.892	500	4.918	675
4.942	505	4.968	696
4.993	515	5.019	705
5.044	525	5.069	718
5.095	535	5.120	716
5.145	549	5.170	714
5.196	566	5.222	706
5.246	577	5.272	684
5.297	590	5.323	661
5.348	594	5.373	634
5.399	598	5.424	603
5.449	599	5.475	572
5.500	595	5.526	544
5.550	591	5.576	518
5.602	585	5.627	494
5.652	572	5.677	475
5.703	559	5.729	456
5.753	544	5.779	446
5.804	528	5.830	452
5.855	514	5.880	458
5.906	501	5.931	476
5.956	490	5.982	504
6.007	477	6.033	520
6.057	476	6.083	549
6.108	468	6.134	575
6.159	471	6.184	605
6.210	476	6.235	632
6.261	479	6.286	658
6.311	492	6.337	679
6.362	504	6.387	694
6.413	521	6.438	705
6.464	534	6.488	707
6.514	548	6.540	711
6.565	566	6.590	699
6.615	580	6.641	682
6.667	594	6.691	661
6.717	602	6.742	640
6.768	615	6.793	613
6.818	610	6.844	586
6.869	611	6.894	558
6.919	609	6.945	532
6.971	601	6.995	508
7.021	586	7.046	490
7.072	571	7.097	474
7.122	553	7.148	468
7.173	535	7.198	466
7.224	521	7.249	467
7.275	500	7.299	481
7.325	485	7.351	496
7.376	471	7.401	516
7.426	463	7.452	543
7.478	460	7.502	565
7.528	453	7.553	592
7.579	456	7.604	625
7.629	468	7.655	642
7.680	478	7.705	666
7.730	490	7.756	679
7.782	507	7.806	688
7.832	525	7.857	693
7.883	545	7.908	697
7.933	563	7.959	682
7.984	581	8.009	674
8.035	598	8.060	657
8.086	609	8.110	643
8.136	622	8.162	620
8.187	627	8.212	596
8.237	624	8.263	569
8.289	618	8.313	548
8.339	606	8.364	523
8.390	598	8.415	507
8.440	585	8.466	492
8.491	564	8.516	483
8.542	544	8.567	485
8.593	522	8.617	478
8.643	497	8.668	489
8.694	484	8.719	498
8.744	469	8.770	516
8.795	456	8.820	534
8.846	445	8.871	559
8.897	443	8.921	583
8.947	441	8.973	604
8.998	448	9.023	627
9.048	463	9.074	645
9.100	475	9.124	660
9.150	496	9.175	671
9.201	516	9.226	684
9.251	537	9.277	685
9.302	559	9.328	678
9.353	579	9.378	663
9.404	600	9.429	656
9.454	614	9.479	642
9.505	626	9.531	620
9.555	635	9.581	604
9.606	638	9.632	582
9.657	626	9.682	561
9.708	622	9.733	539
9.758	607	9.784	519
9.809	595	9.835	510
9.859	573	9.885	500
9.911	552	9.936	496
9.961	531	9.986	494
10.012	507	10.038	502
10.062	488	10.088	508
10.113	468	10.139	525
10.164	456	10.189	533
10.215	442	10.240	559
10.265	434	10.290	574
10.316	436	10.342	593
10.366	440	10.392	613
10.417	451	10.443	629
10.468	464	10.493	645
10.519	486	10.544	655
10.569	506	10.595	663
10.620	527	10.646	664
10.670	552	10.696	668
10.722	576	10.747	664
10.772	598	10.797	646
10.823	615	10.849	638
10.873	627	10.899	628
10.924	638	10.950	607
10.975	644	11.000	590
11.026	643	11.051	571
11.076	632	11.102	555
11.127	623	11.153	541
11.177	602	11.203	528
11.228	585	11.254	519
11.279	567	11.304	513
11.330	539	11.355	511
11.380	516	11.406	509
11.431	490	11.457	521
11.481	469	11.507	527
11.533	451	11.558	538
11.583	440	11.608	550
11.634	430	11.660	569
11.684	427	11.710	588
11.735	431	11.761	600
11.786	438	11.811	615
11.837	451	11.862	627
11.887	471	11.913	641
11.938	502	11.964	646
11.988	509	12.014	649
12.039	539	12.065	651
12.090	569	12.115	643
12.141	594	12.166	644
12.191	615	12.217	628
12.242	626	12.268	620
12.292	641	12.318	608
12.344	647	12.369	600
12.394	649	12.419	582
12.445	646	12.471	568
12.495	635	12.521	557
12.546	614	12.572	544
12.597	600	12.622	537
12.648	576	12.673	530
12.698	549	12.724	526
12.749	522	12.775	528
12.799	492	12.825	531
12.850	473	12.876	539
12.901	453	12.926	544
12.952	439	12.977	559
13.002	428	13.028	571
13.053	424	13.079	585
13.103	421	13.129	588
13.155	432	13.180	601
13.205	444	13.230	612
13.256	460	13.282	621
13.306	481	13.332	628
13.357	509	13.383	632
13.408	531	13.433	637
13.459	560	13.484	632
13.509	585	13.535	623
13.560	609	13.586	623
13.610	629	13.636	615
13.662	642	13.687	610
13.712	651	13.737	597
13.763	655	13.788	591
13.813	653	13.839	578
13.864	643	13.890	569
13.914	629	13.940	560
13.966	613	13.991	553
14.016	587	14.041	548
14.067	565	14.093	542
14.117	539	14.143	543
14.168	508	14.194	545
14.219	483	14.244	550
14.270	456	14.295	555
14.320	445	14.346	563
14.371	428	14.397	569
14.421	420	14.447	572
14.473	418	14.498	590
14.523	422	14.548	591
14.574	434	14.599	599
14.624	450	14.650	605
14.675	475	14.701	611
14.725	493	14.751	613
14.777	522	14.802	613
14.827	550	14.852	605
14.878	576	14.904	614
14.928	602	14.954	612
14.979	622	15.005	608
15.030	641	15.055	603
15.081	651	15.106	597
15.131	656	15.157	592
15.182	657	15.208	584
15.232	650	15.258	578
15.284	635	15.309	574
15.334	616	15.359	569
15.385	591	15.410	566
15.435	571	15.461	563
15.486	544	15.512	567
15.536	517	15.562	563
15.588	488	15.613	570
15.638	466	15.663	560
15.689	445	15.715	568
15.739	431	15.765	570
15.790	421	15.816	576
15.841	415	15.866	581
15.892	425	15.917	583
15.942	427	15.968	587
15.993	439	16.019	591
16.043	461	16.069	593
16.095	486	16.120	598
16.145	507	16.170	597
16.196	538	16.222	599
16.246	569	16.272	599
16.297	595	16.323	598
16.347	614	16.373	593
16.399	634	16.424	595
16.449	648	16.474	594
16.500	656	16.526	593
16.550	659	16.576	588
16.601	654	16.627	584
16.652	636	16.677	587
16.703	626	16.728	582
16.753	605	16.779	584
16.804	582	16.830	580
16.854	552	16.880	582
16.906	528	16.931	577
16.956	500	16.981	579
17.007	476	17.033	577
17.057	448	17.083	577
17.108	436	17.134	585
17.158	422	17.184	578
17.210	418	17.235	578
17.260	418	17.285	572
17.311	425	17.337	578
17.361	436	17.387	579
17.412	460	17.438	579
17.463	479	17.488	583
17.514	506	17.539	580
17.564	532	17.590	581
17.615	552	17.641	583
17.665	583	17.691	583
17.717	608	17.742	585
17.767	628	17.792	586
17.818	649	17.844	589
17.868	653	17.894	589
17.919	656	17.945	586
17.969	659	17.995	591
18.021	645	18.046	595
18.071	632	18.096	595
18.122	615	18.148	595
18.172	589	18.198	595
18.223	562	18.249	595
18.275	542	18.299	597
18.325	509	18.350	593
18.376	480	18.401	591
18.426	465	18.452	593
18.477	444	18.502	588
18.528	430	18.553	580
18.579	423	18.603	581
18.629	420	18.655	576
18.680	424	18.705	575
18.730	434	18.756	570
18.782	449	18.806	569
18.832	468	18.857	563
18.883	493	18.907	567
18.933	521	18.959	564
18.984	538	19.009	567
19.034	576	19.060	569
19.086	593	19.110	576
19.136	619	19.161	577
19.187	636	19.212	579
19.237	649	19.263	580
19.288	653	19.313	585
19.339	654	19.364	593
19.390	646	19.414	598
19.440	635	19.466	606
19.491	618	19.516	607
19.541	598	19.567	608
19.593	574	19.617	611
19.643	548	19.668	609
19.694	519	19.718	607
19.744	495	19.770	602
19.795	469	19.820	600
19.845	452	19.871	596
19.897	437	19.921	589
19.947	430	19.972	580
19.998	425	20.023	575
20.048	426	20.074	571
20.099	436	20.124	566
20.150	440	20.175	563
20.201	464	20.225	555
20.251	488	20.277	553
20.302	510	20.327	551
20.352	538	20.378	555
20.404	559	20.428	554
20.454	588	20.479	558
20.505	606	20.529	568
20.555	624	20.581	571
20.606	639	20.631	580
20.656	647	20.682	583
20.708	649	20.732	594
20.758	644	20.783	601
20.809	626	20.834	614
20.859	621	20.885	616
20.910	601	20.935	621
20.961	581	20.986	625
21.012	555	21.036	624
21.062	521	21.088	623
21.113	501	21.138	619
21.163	483	21.189	614
21.215	467	21.239	609
21.265	451	21.290	601
21.316	437	21.340	590
21.366	433	21.392	576
21.417	430	21.443	572
21.467	433	21.493	566
21.519	447	21.544	551
21.569	461	21.594	546
21.620	484	21.646	541
21.670	503	21.696	536
21.721	527	21.747	539
21.772	553	21.797	543
21.823	576	21.848	547
21.873	603	21.899	552
21.924	608	21.950	557
21.974	628	22.000	572
22.026	640	22.051	582
22.076	643	22.101	595
22.127	641	22.153	603
22.177	633	22.203	617
22.228	621	22.254	625
22.278	605	22.304	630
22.330	585	22.355	633
22.380	563	22.405	636
22.431	539	22.457	635
22.481	520	22.507	633
22.532	495	22.558	626
22.583	475	22.608	618
22.634	461	22.659	607
22.684	447	22.710	596
22.735	437	22.761	580
22.785	436	22.811	570
22.837	443	22.862	569
22.887	450	22.912	549
22.938	461	22.964	538
22.988	475	23.014	532
23.039	498	23.065	527
23.089	521	23.115	524
23.141	543	23.166	527
23.191	569	23.216	531
23.242	585	23.268	540
23.292	604	23.318	550
23.343	616	23.369	561
23.394	629	23.419	572
23.445	634	23.470	588
23.495	633	23.521	604
23.546	629	23.572	613
23.596	620	23.622	622
23.648	606	23.673	648
23.698	589	23.723	644
23.749	568	23.775	648
23.799	549	23.825	648
23.850	528	23.876	645
23.900	505	23.926	639
23.952	491	23.977	631
24.002	476	24.027	619
24.053	455	24.079	606
24.103	450	24.129	592
24.154	443	24.180	573
24.205	447	24.230	563
24.256	452	24.281	540
24.306	462	24.332	530
24.357	476	24.383	519
24.407	494	24.433	519
24.459	514	24.484	514
24.509	536	24.534	515
24.560	553	24.586	518
24.610	571	24.636	526
24.661	593	24.687	536
24.711	603	24.737	549
24.763	611	24.788	566
24.813	621	24.838	577
24.864	624	24.890	597
24.914	621	24.940	615
24.965	613	24.991	628
25.016	603	25.041	635
25.067	589	25.092	658
25.118	575	25.143	659
25.168	555	25.194	659
25.219	531	25.244	657
25.270	512	25.295	651
25.321	496	25.345	642
25.371	480	25.397	624
25.422	473	25.447	613
25.472	463	25.498	603
25.524	456	25.548	582
25.574	454	25.599	559
25.625	456	25.649	543
25.675	467	25.701	532
25.726	477	25.751	518
25.776	492	25.802	512
25.828	510	25.852	505
25.878	527	25.903	505
25.929	544	25.954	507
25.979	561	26.005	515
26.030	581	26.055	526
26.081	593	26.106	544
26.132	609	26.156	555
26.182	615	26.208	571
26.233	614	26.258	587
26.283	613	26.309	613
26.335	609	26.359	627
26.385	599	26.410	639
26.436	588	26.460	653
26.486	573	26.512	664
26.537	559	26.562	669
26.587	541	26.613	667
26.639	525	26.663	662
26.689	506	26.714	647
26.740	492	26.765	641
26.790	483	26.816	622
26.841	470	26.866	606
26.892	467	26.917	587
26.943	467	26.967	569
26.993	467	27.019	545
27.044	472	27.069	525
27.094	482	27.120	513
27.146	493	27.170	502
27.196	507	27.221	498
27.247	523	27.271	499
27.297	538	27.323	497
27.348	559	27.373	501
27.398	573	27.424	515
27.450	582	27.474	528
27.500	586	27.525	544
27.551	598	27.576	565
27.601	607	27.627	587
27.652	605	27.677	606
27.703	600	27.728	622
27.754	594	27.778	642
27.804	584	27.830	666
27.855	570	27.880	664
27.905	561	27.931	674
27.957	546	27.981	682
28.007	531	28.032	674
28.058	521	28.082	663
28.108	506	28.134	651
28.159	491	28.185	634
28.209	489	28.235	615
28.261	477	28.286	594
28.311	481	28.336	574
28.362	478	28.388	554
28.412	487	28.438	535
28.463	488	28.489	526
28.514	496	28.539	497
28.565	507	28.590	491
28.615	520	28.641	488
28.666	532	28.692	492
28.716	545	28.742	494
28.768	557	28.793	503
28.818	570	28.843	519
28.869	573	28.895	535
28.919	581	28.945	557
28.970	590	28.996	578
29.020	592	29.046	601
29.072	589	29.097	621
29.122	585	29.147	644
29.173	577	29.199	659
29.223	570	29.249	668
29.274	559	29.300	680
29.325	547	29.350	684
29.376	537	29.401	676
29.426	524	29.452	672
29.477	518	29.503	660
29.527	509	29.553	648
29.579	499	29.604	626
29.629	496	29.654	608
29.680	491	29.706	586
29.730	493	29.756	559
29.781	490	29.807	536
29.831	494	29.857	520
29.883	503	29.908	506
29.933	509	29.958	491
29.984	518	30.010	491
30.034	529	30.060	494
30.085	538	30.111	488
30.136	548	30.161	497
30.187	556	30.212	509
30.237	563	30.263	523
30.288	576	30.314	548
30.338	575	30.364	568
30.390	575	30.415	591
30.440	572	30.465	611
30.491	577	30.517	635
30.541	569	30.567	654
30.592	565	30.618	670
30.642	557	30.668	674
30.694	551	30.719	686
30.744	541	30.769	691
30.795	532	30.821	680
30.845	523	30.871	671
30.896	516	30.922	653
30.947	509	30.972	638
30.998	500	31.023	614
31.048	503	31.074	590
31.099	500	31.125	567
31.149	497	31.175	545
31.201	506	31.226	524
31.251	511	31.276	506
31.302	514	31.328	494
31.352	521	31.378	486
31.403	525	31.429	480
31.454	534	31.479	480
31.505	540	31.530	489
31.555	546	31.580	500
31.606	554	31.632	517
31.656	563	31.682	537
31.707	563	31.733	561
31.758	567	31.783	583
31.809	560	31.834	607
31.859	560	31.885	630
31.910	560	31.936	651
31.960	552	31.986	668
32.012	552	32.037	678
32.062	547	32.087	681
32.113	542	32.139	683
32.163	536	32.189	683
32.214	537	32.240	672
32.265	525	32.290	665
32.316	521	32.341	643
32.366	517	32.391	623
32.417	512	32.443	597
32.467	513	32.493	577
32.518	515	32.544	551
32.569	513	32.594	533
32.620	515	32.645	507
32.671	520	32.696	496
32.721	522	32.747	485
32.772	532	32.797	480
32.823	530	32.848	487
32.874	536	32.898	485
32.924	540	32.950	488
32.975	543	33.000	510
33.025	546	33.051	529
33.077	547	33.101	552
33.127	548	33.152	574
33.178	548	33.202	597
33.228	553	33.254	621
33.279	560	33.304	643
33.329	540	33.355	658
33.381	547	33.405	672
33.431	544	33.456	680
33.482	539	33.507	690
33.532	542	33.558	689
33.583	535	33.608	682
33.634	532	33.659	671
33.685	531	33.709	654
33.735	530	33.761	630
33.786	529	33.811	609
33.836	527	33.862	585
33.888	515	33.912	560
33.938	527	33.963	539
33.989	528	34.014	519
34.039	527	34.065	510
34.090	529	34.115	493
34.140	531	34.166	481
34.192	534	34.216	477
34.242	534	34.267	488
34.293	533	34.318	496
34.343	533	34.369	507
34.394	535	34.419	516
34.445	535	34.470	544
34.496	533	34.520	567
34.546	537	34.572	590
34.597	535	34.622	614
34.647	527	34.673	634
34.699	541	34.723	654
34.749	541	34.774	667
34.800	537	34.825	683
34.850	539	34.876	685
34.901	538	34.926	683
34.951	538	34.977	679
35.003	538	35.027	668
35.053	538	35.078	660
35.104	539	35.129	644
35.154	539	35.180	619
35.205	539	35.230	594
35.256	543	35.281	570
35.307	539	35.331	540
35.357	539	35.383	526
35.408	538	35.433	507
35.458	528	35.484	485
35.510	534	35.534	486
35.560	532	35.585	483
35.611	532	35.636	487
35.661	532	35.687	493
35.712	524	35.738	500
35.762	526	35.788	521
35.814	526	35.839	541
35.864	525	35.889	554
35.915	526	35.941	581
35.965	524	35.991	608
36.016	531	36.042	627
36.067	526	36.092	645
36.118	527	36.143	657
36.168	532	36.194	673
36.219	528	36.245	680
36.269	541	36.295	685
36.321	539	36.346	684
36.371	541	36.396	670
36.422	545	36.448	653
36.472	546	36.498	640
36.523	548	36.549	620
36.574	551	36.599	606
36.625	550	36.650	576
36.675	552	36.700	559
36.726	549	36.752	533
36.776	544	36.802	518
36.827	548	36.853	503
36.878	540	36.903	492
36.929	540	36.954	486
36.979	530	37.005	486
37.030	527	37.056	489
37.080	524	37.106	496
37.132	522	37.157	513
37.182	518	37.207	527
37.233	517	37.259	555
37.283	514	37.309	569
37.334	514	37.360	595
37.385	515	37.410	616
37.436	521	37.461	636
37.486	517	37.511	655
37.537	515	37.563	667
37.587	526	37.613	678
37.638	536	37.664	678
37.689	540	37.714	676
37.740	544	37.765	673
37.790	549	37.816	661
37.841	552	37.867	640
37.891	552	37.917	638
37.943	564	37.968	617
37.993	560	38.018	581
38.044	560	38.070	566
38.094	559	38.120	546
38.145	554	38.171	526
38.196	551	38.221	512
38.247	553	38.272	500
38.297	545	38.322	492
38.348	527	38.374	490
38.398	528	38.424	493
38.449	524	38.475	504
38.500	517	38.525	508
38.551	511	38.576	534
38.601	508	38.627	539
38.652	504	38.678	565
38.702	505	38.728	590
38.754	504	38.779	604
38.804	504	38.829	626
38.855	508	38.881	641
38.905	519	38.931	660
38.956	517	38.982	668
39.007	526	39.032	672
39.058	543	39.083	672
39.108	546	39.134	670
39.159	553	39.185	662
39.209	557	39.235	647
39.260	564	39.286	626
39.311	568	39.336	615
39.362	569	39.387	595
39.413	571	39.438	571
39.463	563	39.489	554
39.514	567	39.539	538
39.565	561	39.590	521
39.616	553	39.640	510
39.666	545	39.692	504
39.717	539	39.742	497
39.767	528	39.793	502
39.819	522	39.843	500
39.869	515	39.894	512
39.920	509	39.945	524
39.970	500	39.996	541
40.021	497	40.046	564
40.071	495	40.097	583
40.123	495	40.147	600
40.173	497	40.198	612
40.224	500	40.249	633
40.274	500	40.300	647
40.325	515	40.350	660
40.376	527	40.401	664
40.427	540	40.451	666
40.477	537	40.503	664
40.528	548	40.553	660
40.578	563	40.604	648
40.630	560	40.654	635
40.680	574	40.705	621
40.731	579	40.756	605
40.781	580	40.807	579
40.832	579	40.857	558
40.882	579	40.908	543
40.934	569	40.958	531
40.984	572	41.009	522
41.035	551	41.060	510
41.085	545	41.111	505
41.136	529	41.161	504
41.187	536	41.212	508
41.238	519	41.262	525
41.288	506	41.314	526
41.339	495	41.364	539
41.389	489	41.415	550
41.441	486	41.465	576
41.491	486	41.516	591
41.542	487	41.567	611
41.592	493	41.618	627
41.643	491	41.668	636
41.694	501	41.719	648
41.745	518	41.769	655
41.795	525	41.820	658
41.846	535	41.871	658
41.896	558	41.922	654
41.947	563	41.972	648
41.998	566	42.023	634
42.049	579	42.073	616
42.099	585	42.125	606
42.150	587	42.175	587
42.200	588	42.226	576
42.252	585	42.276	558
42.302	577	42.327	537
42.353	567	42.378	526
42.403	563	42.429	511
42.454	550	42.480	523
42.505	538	42.530	513
42.556	526	42.581	515
42.606	517	42.631	520
42.657	494	42.683	527
42.707	488	42.733	538
42.758	484	42.784	550
42.809	480	42.834	568
42.860	478	42.885	580
42.910	479	42.936	610
42.961	482	42.987	610
43.011	491	43.037	630
43.063	498	43.088	637
43.113	510	43.138	646
43.164	520	43.190	646
43.214	535	43.240	652
43.265	548	43.291	647
43.316	561	43.341	643
43.367	580	43.392	633
43.417	584	43.442	621
43.468	588	43.494	606
43.518	595	43.544	597
43.569	595	43.595	569
43.620	593	43.645	566
43.671	587	43.696	555
43.721	578	43.747	544
43.772	565	43.798	535
43.822	558	43.848	533
43.874	546	43.899	522
43.924	527	43.949	522
43.975	510	44.001	527
44.025	505	44.051	532
44.076	489	44.102	542
44.127	480	44.152	553
44.178	470	44.203	565
44.228	473	44.254	574
44.279	472	44.305	588
44.329	472	44.355	601
44.380	481	44.406	615
44.431	490	44.456	626
44.482	499	44.507	632
44.532	514	44.558	641
44.583	530	44.609	642
44.633	545	44.659	639
44.685	558	44.710	630
44.735	572	44.760	628
44.786	584	44.812	618
44.836	593	44.862	614
44.887	598	44.913	596
44.938	602	44.963	584
44.989	599	45.014	573
45.039	596	45.065	562
45.090	588	45.116	549
45.140	577	45.166	537
45.191	557	45.217	535
45.242	551	45.267	534
45.293	535	45.318	532
45.343	520	45.369	533
45.394	504	45.420	539
45.444	481	45.470	545
45.496	483	45.521	554
45.546	474	45.571	572
45.597	468	45.623	573
45.647	462	45.673	584
45.698	468	45.724	596
45.749	474	45.774	606
45.800	483	45.825	623
45.850	494	45.876	622
45.901	509	45.927	629
45.951	525	45.977	627
46.002	541	46.028	630
46.053	553	46.078	623
46.104	567	46.129	622
46.154	585	46.180	616
46.205	592	46.231	617
46.255	604	46.281	599
46.307	603	46.332	589
46.357	605	46.382	579
46.408	602	46.434	565
46.458	594	46.484	563
46.509	584	46.535	550
46.560	568	46.585	549
46.611	570	46.636	547
46.661	541	46.687	544
46.712	525	46.738	545
46.762	507	46.788	543
46.814	502	46.839	550
46.864	483	46.889	557
46.915	471	46.940	563
46.965	463	46.991	576
47.016	461	47.042	582
47.066	462	47.092	587
47.118	470	47.143	603
47.168	476	47.193	609
47.219	488	47.245	614
47.269	496	47.295	615
47.320	517	47.346	619
47.371	532	47.396	620
47.422	552	47.447	618
47.472	567	47.498	613
47.523	587	47.549	611
47.573	585	47.599	606
47.625	613	47.650	596
47.675	605	47.700	596
47.726	609	47.751	582
47.776	609	47.802	570
47.827	593	47.853	572
47.877	592	47.903	566
47.929	579	47.954	565
47.979	564	48.004	560
48.030	548	48.056	563
48.080	531	48.106	554
48.131	514	48.157	558
48.182	495	48.207	560
48.233	486	48.258	562
48.283	476	48.309	567
48.334	462	48.360	572
48.384	458	48.410	581
48.436	459	48.461	586
48.486	463	48.511	596
48.537	472	48.562	599
48.587	481	48.613	594
48.638	495	48.664	606
48.688	510	48.714	604
48.740	527	48.765	607
48.790	545	48.815	607
48.841	562	48.867	603
48.891	578	48.917	604
48.942	589	48.968	599
48.993	600	49.018	596
49.044	608	49.069	598
49.094	608	49.120	587
49.145	610	49.171	581
49.195	605	49.221	578
49.247	600	49.272	575
49.297	586	49.322	573
49.348	567	49.374	574
49.398	554	49.424	566
49.449	535	49.475	560
49.499	519	49.525	565
49.551	503	49.576	567
49.601	488	49.626	570
49.652	475	49.678	572
49.702	469	49.728	576
49.753	463	49.779	579
49.804	457	49.829	582
49.855	460	49.880	586
49.905	467	49.931	586
49.956	477	49.982	594
50.006	490	50.032	594
50.058	501	50.083	595
50.108	522	50.133	592
50.159	538	50.185	593
50.209	555	50.235	597
50.260	572	50.286	594
50.310	585	50.336	594
50.362	606	50.387	592
50.412	605	50.437	591
50.463	605	50.489	588
50.513	616	50.539	585
50.564	607	50.590	585
50.615	599	50.640	582
50.666	590	50.691	580
50.716	576	50.742	569
50.767	561	50.793	573
50.817	542	50.843	570
50.869	526	50.894	579
50.919	513	50.944	576
50.970	487	50.996	577
51.020	484	51.046	578
51.071	470	51.097	578
51.121	458	51.147	581
51.173	459	51.198	582
51.223	460	51.248	581
51.274	463	51.300	583
51.324	472	51.350	582
51.375	484	51.401	580
51.427	498	51.451	587
51.477	516	51.502	581
51.528	536	51.553	585
51.578	550	51.604	588
51.629	565	51.654	586
51.680	580	51.705	585
51.731	597	51.755	586
51.781	606	51.807	585
51.832	607	51.857	587
51.882	609	51.908	587
51.934	608	51.958	589
51.984	603	52.009	587
52.035	593	52.059	586
52.085	580	52.111	590
52.136	565	52.161	595
52.186	549	52.212	577
52.238	532	52.262	595
52.288	515	52.313	582
52.339	498	52.364	583
52.389	481	52.415	585
52.440	479	52.465	584
52.491	466	52.516	582
52.542	452	52.566	581
52.592	465	52.618	580
52.643	465	52.668	579
52.693	471	52.719	578
52.745	480	52.769	579
52.795	494	52.820	585
52.846	509	52.870	570
52.896	527	52.922	572
52.947	547	52.972	576
52.997	562	53.023	578
53.049	573	53.073	579
53.099	590	53.124	574
53.150	596	53.175	584
53.200	609	53.226	585
53.251	609	53.276	586
53.302	611	53.327	591
53.353	606	53.377	592
53.403	596	53.429	591
53.454	587	53.479	592
53.504	571	53.530	594
53.556	555	53.580	590
53.606	537	53.631	594
53.657	521	53.681	603
53.707	505	53.733	593
53.758	492	53.783	591
53.808	475	53.834	588
53.860	466	53.884	583
53.910	463	53.935	584
53.961	460	53.986	580
54.011	463	54.037	579
54.062	471	54.087	573
54.113	478	54.138	570
54.164	493	54.188	576
54.214	505	54.240	572
54.265	520	54.290	562
54.315	535	54.341	569
54.367	555	54.391	566
54.417	570	54.442	572
54.468	583	54.492	578
54.518	592	54.544	585
54.569	604	54.595	582
54.619	608	54.645	586
54.671	603	54.696	590
54.721	606	54.746	594
54.772	598	54.798	596
54.822	582	54.848	602
54.873	572	54.899	596
54.924	558	54.949	606
54.975	542	55.000	610
55.025	528	55.051	605
55.076	511	55.102	597
55.126	500	55.152	600
55.178	483	55.203	597
55.228	475	55.253	591
55.279	469	55.305	585
55.329	465	55.355	581
55.380	468	55.406	574
55.430	470	55.456	570
55.482	479	55.507	565
55.532	489	55.557	564
55.583	501	55.609	562
55.633	516	55.659	560
55.684	534	55.710	553
55.735	548	55.760	556
55.786	561	55.811	565
55.836	574	55.862	567
55.887	586	55.913	572
55.937	592	55.963	579
55.989	602	56.014	587
56.039	603	56.064	593
56.090	597	56.116	596
56.140	595	56.166	601
56.191	587	56.217	607
56.241	576	56.267	609
56.293	561	56.318	609
56.343	548	56.368	614
56.394	532	56.420	614
56.444	518	56.470	607
56.495	504	56.521	606
56.546	490	56.571	602
56.597	482	56.622	598
56.647	474	56.673	589
56.698	471	56.724	581
56.748	471	56.774	576
56.800	468	56.825	569
56.850	477	56.875	562
56.901	488	56.927	558
56.951	499	56.977	557
57.002	511	57.028	554
57.052	527	57.078	552
57.104	541	57.129	557
57.154	560	57.179	553
57.205	567	57.231	559
57.255	580	57.281	569
57.306	589	57.332	572
57.357	599	57.382	583
57.408	597	57.433	588
57.458	594	57.484	597
57.509	595	57.535	604
57.559	585	57.585	614
57.611	577	57.636	615
57.661	566	57.686	619
57.712	553	57.738	620
57.762	538	57.788	619
57.813	525	57.839	621
57.863	511	57.889	615
57.915	498	57.940	608
57.965	488	57.990	602
58.016	481	58.042	594
58.066	476	58.092	588
58.117	474	58.143	577
58.168	466	58.193	570
58.219	484	58.244	557
58.270	488	58.295	555
58.320	498	58.346	551
58.371	510	58.396	545
58.422	522	58.447	550
58.473	536	58.497	542
58.523	550	58.549	551
58.574	563	58.599	554
58.624	573	58.650	558
58.676	585	58.700	566
58.726	587	58.751	575
58.777	593	58.801	585
58.827	596	58.853	595
58.878	590	58.903	604
58.928	581	58.954	612
58.980	579	59.004	622
59.030	566	59.055	614
59.081	555	59.106	626
59.131	543	59.157	626
59.182	529	59.207	625
59.233	515	59.258	624
59.284	502	59.308	616
59.334	496	59.360	606
59.385	490	59.410	600
59.435	488	59.461	590
59.487	485	59.511	580
59.537	481	59.562	572
59.588	488	59.612	559
59.638	485	59.664	555
59.689	498	59.714	546
59.739	509	59.765	545
59.791	520	59.815	539
59.841	530	59.866	540
59.892	543	59.917	535
59.942	554	59.968	539
59.993	565	60.018	553
60.044	574	60.069	561
60.095	583	60.119	570
60.145	580	60.171	581
60.196	583	60.221	592
60.246	583	60.272	604
60.298	580	60.322	612
60.348	571	60.373	620
60.399	567	60.423	628
60.449	556	60.475	629
60.500	546	60.525	629
60.550	534	60.576	627
60.602	524	60.626	635
60.652	512	60.677	622
60.703	501	60.728	615
60.753	495	60.779	606
60.804	491	60.829	595
60.855	493	60.880	584
60.906	483	60.930	572
60.956	490	60.982	561
61.007	494	61.032	552
61.057	500	61.083	543
61.109	509	61.133	536
61.159	518	61.184	533
61.210	528	61.234	531
61.260	536	61.286	537
61.311	548	61.337	542
61.361	557	61.387	542
61.413	566	61.438	555
61.463	572	61.488	565
61.514	578	61.540	575
61.564	584	61.590	588
61.615	573	61.641	600
61.666	577	61.691	613
61.717	572	61.742	620
61.767	566	61.793	629
61.818	557	61.844	630
61.868	547	61.894	638
61.920	538	61.945	639
61.970	529	61.995	629
62.021	519	62.047	632
62.071	512	62.097	625
62.122	504	62.148	611
62.172	502	62.198	600
62.224	499	62.249	589
62.274	493	62.299	576
62.325	495	62.351	564
62.375	507	62.401	555
62.426	505	62.452	547
62.477	508	62.502	530
62.528	517	62.553	530
62.578	528	62.604	528
62.629	535	62.655	528
62.679	543	62.705	529
62.731	552	62.756	531
62.781	559	62.806	543
62.832	563	62.858	558
62.882	566	62.908	571
62.933	571	62.959	584
62.983	573	63.009	597
63.035	568	63.060	609
63.085	567	63.110	620
63.136	560	63.162	630
63.186	558	63.212	635
63.237	552	63.263	639
63.288	541	63.313	639
63.339	532	63.364	641
63.389	526	63.415	638
63.440	520	63.466	625
63.490	513	63.516	615
63.542	508	63.567	606
63.592	497	63.617	594
63.643	503	63.669	580
63.693	501	63.719	567
63.744	501	63.770	554
63.794	519	63.820	543
63.846	515	63.871	535
63.896	519	63.921	530
63.947	525	63.973	525
63.997	533	64.023	524
64.048	539	64.074	531
64.099	546	64.124	538
64.150	542	64.175	543
64.200	555	64.226	557
64.251	555	64.277	565
64.301	560	64.327	575
64.353	562	64.378	596
64.403	565	64.428	607
64.454	566	64.480	611
64.504	556	64.530	629
64.555	553	64.581	642
64.606	548	64.631	644
64.657	541	64.682	644
64.707	537	64.732	648
64.758	530	64.784	635
64.808	523	64.834	636
64.859	523	64.885	621
64.910	515	64.935	612
64.961	509	64.986	598
65.011	513	65.037	586
65.062	511	65.088	571
65.112	509	65.138	558
65.164	516	65.189	546
65.214	519	65.239	535
65.265	516	65.291	529
65.315	528	65.341	524
65.366	530	65.392	522
65.417	538	65.442	523
65.468	541	65.493	529
65.518	545	65.543	540
65.569	550	65.595	547
65.619	552	65.645	563
65.670	554	65.696	574
65.721	555	65.746	584
65.772	552	65.797	601
65.823	551	65.848	609
65.873	550	65.899	626
65.924	548	65.949	638
65.975	547	66.000	643
66.026	541	66.050	644
66.076	537	66.102	651
66.127	533	66.152	641
66.177	529	66.203	638
66.229	527	66.253	632
66.279	520	66.304	614
66.330	520	66.354	604
66.380	517	66.406	589
66.431	520	66.456	576
66.481	521	66.507	562
66.533	517	66.557	552
66.583	521	66.608	540
66.634	526	66.659	528
66.684	522	66.710	522
66.735	532	66.760	522
66.786	534	66.811	524
66.837	537	66.861	527
66.887	540	66.913	532
66.938	544	66.963	543
66.988	545	67.014	559
67.040	545	67.064	565
67.090	548	67.115	583
67.141	544	67.166	594
67.191	547	67.217	611
67.242	544	67.267	626
67.292	539	67.318	636
67.344	547	67.368	641
67.394	537	67.419	646
67.445	537	67.470	649
67.495	536	67.521	645
67.546	534	67.571	647
67.597	531	67.622	633
67.648	530	67.672	625
67.698	529	67.724	610
67.749	527	67.774	594
67.799	527	67.825	583
67.851	526	67.875	567
67.901	529	67.926	554
67.952	533	67.977	543
68.002	529	68.028	534
68.053	528	68.078	526
68.103	532	68.129	522
68.155	533	68.179	526
68.205	536	68.230	528
68.256	537	68.281	535
68.306	538	68.332	533
68.357	537	68.382	552
68.408	538	68.433	569
68.459	539	68.483	578
68.509	538	68.535	592
68.560	545	68.585	606
68.610	540	68.636	618
68.662	541	68.686	630
68.712	539	68.737	638
68.763	534	68.788	644
68.813	538	68.839	646
68.864	537	68.890	646
68.914	538	68.940	641
68.966	535	68.991	631
69.016	535	69.041	627
69.067	534	69.093	613
69.117	536	69.143	599
69.168	535	69.194	584
69.219	532	69.244	569
69.270	537	69.295	558
69.320	539	69.346	546
69.371	534	69.397	539
69.421	530	69.447	529
69.473	529	69.498	526
69.523	535	69.548	523
69.574	533	69.600	524
69.624	532	69.650	532
69.675	533	69.701	534
69.726	533	69.751	545
69.777	534	69.802	558
69.827	531	69.852	574
69.878	532	69.904	587
69.928	531	69.954	601
69.979	533	70.005	614
70.030	530	70.055	624
70.081	533	70.106	635
70.131	533	70.157	641
70.182	535	70.208	644
70.232	533	70.258	643
70.284	537	70.309	643
70.334	541	70.359	635
70.385	538	70.411	626
70.435	540	70.461	616
70.486	543	70.512	601
70.537	538	70.562	591
70.588	547	70.613	576
70.638	542	70.663	568
70.689	542	70.715	551
70.739	543	70.765	541
70.790	539	70.816	533
70.841	531	70.866	526
70.892	540	70.917	525
70.942	533	70.968	525
70.993	531	71.019	532
71.043	530	71.069	532
71.095	525	71.120	544
71.145	526	71.170	564
71.196	525	71.222	570
71.246	526	71.272	582
71.297	525	71.323	595
71.348	526	71.373	610
71.399	527	71.424	620
71.449	527	71.474	629
71.500	526	71.526	638
71.550	527	71.576	642
71.601	535	71.627	642
71.652	537	71.677	641
71.703	541	71.728	636
71.753	541	71.779	630
71.804	545	71.830	615
71.854	546	71.880	605
71.906	547	71.931	588
71.956	546	71.981	578
72.007	542	72.033	571
72.057	547	72.083	557
72.108	545	72.134	546
72.159	538	72.184	538
72.210	540	72.235	532
72.260	535	72.286	528
72.311	539	72.337	529
72.361	534	72.387	536
72.412	536	72.438	537
72.463	522	72.488	546
72.514	523	72.539	556
72.565	521	72.590	565
72.615	520	72.641	584
72.666	519	72.691	590
72.717	520	72.742	603
72.768	518	72.792	610
72.818	526	72.844	625
72.869	527	72.894	633
72.919	530	72.945	636
72.971	540	72.995	638
73.021	537	73.046	639
73.072	544	73.097	634
73.122	546	73.148	627
73.173	550	73.198	623
73.223	552	73.249	612
73.275	554	73.299	593
73.325	554	73.350	584
73.376	553	73.401	574
73.426	552	73.452	562
73.477	552	73.502	553
73.528	549	73.553	544
73.579	549	73.603	538
73.629	535	73.655	532
73.680	532	73.705	536
73.730	534	73.756	530
73.782	522	73.806	537
73.832	523	73.857	547
73.883	518	73.908	548
73.933	516	73.959	563
73.984	516	74.009	583
74.034	515	74.060	587
74.086	515	74.110	599
74.136	516	74.161	610
74.187	517	74.212	623
74.237	526	74.263	628
74.288	526	74.313	632
74.339	532	74.364	634
74.390	537	74.414	634
74.440	542	74.466	632
74.491	541	74.516	624
74.541	550	74.567	619
74.593	552	74.617	611
74.643	557	74.668	599
74.694	561	74.719	595
74.744	559	74.770	574
74.795	557	74.820	561
74.846	556	74.871	559
74.897	549	74.921	549
74.947	544	74.972	542
74.998	539	75.023	539
75.048	538	75.074	536
75.099	534	75.124	537
75.150	522	75.175	539
75.201	526	75.225	549
75.251	508	75.277	554
75.302	513	75.327	564
75.352	511	75.378	572
75.404	509	75.428	582
75.454	509	75.479	594
75.505	510	75.530	603
75.555	513	75.581	612
75.606	523	75.632	621
75.657	525	75.682	625
75.708	530	75.733	629
75.758	536	75.783	629
75.809	539	75.835	629
75.859	548	75.885	625
75.910	545	75.936	619
75.961	557	75.986	610
76.012	561	76.037	602
76.062	565	76.088	595
76.113	564	76.139	582
76.163	563	76.189	575
76.215	558	76.240	565
76.265	557	76.290	555
76.316	552	76.342	548
76.366	546	76.392	544
76.417	540	76.443	542
76.468	539	76.493	542
76.519	530	76.544	543
76.569	520	76.594	548
76.620	516	76.646	556
76.670	505	76.696	554
76.721	510	76.747	569
76.772	509	76.797	579
76.823	505	76.848	588
76.873	506	76.899	590
76.924	508	76.950	604
76.974	513	77.000	615
77.026	515	77.051	621
77.076	526	77.101	624
77.127	534	77.153	623
77.177	535	77.203	625
77.228	546	77.254	622
77.279	549	77.304	618
77.330	562	77.355	612
77.380	562	77.406	605
77.431	566	77.457	597
77.481	568	77.507	583
77.532	568	77.558	577
77.583	566	77.608	566
77.634	563	77.659	568
77.684	551	77.710	556
77.735	551	77.761	550
77.785	550	77.811	547
77.837	529	77.862	547
77.887	533	77.912	547
77.938	523	77.964	551
77.988	515	78.014	558
78.039	510	78.065	563
78.090	505	78.115	568
78.141	503	78.166	576
78.191	501	78.217	585
78.242	501	78.268	588
78.292	504	78.318	601
78.343	508	78.369	606
78.394	514	78.419	613
78.445	523	78.470	614
78.495	529	78.521	620
78.546	531	78.572	620
78.596	538	78.622	617
78.648	551	78.673	614
78.698	557	78.723	609
78.749	567	78.775	604
78.799	569	78.825	596
78.850	570	78.876	592
78.901	571	78.926	582
78.952	565	78.977	574
79.002	567	79.028	570
79.053	564	79.079	562
79.103	555	79.129	557
79.154	549	79.180	553
79.205	544	79.230	552
79.256	530	79.281	552
79.306	524	79.332	553
79.357	519	79.383	559
79.407	507	79.433	566
79.459	500	79.484	571
79.509	501	79.534	574
79.560	498	79.586	580
79.610	499	79.636	592
79.661	500	79.687	595
79.712	505	79.737	602
79.763	511	79.788	606
79.813	518	79.839	604
79.864	526	79.890	615
79.914	533	79.940	611
79.966	542	79.991	613
80.016	546	80.041	613
80.067	561	80.092	607
80.117	556	80.143	608
80.168	565	80.194	597
80.218	573	80.244	595
80.270	574	80.295	583
80.320	574	80.345	577
80.371	571	80.397	571
80.421	566	80.447	570
80.472	558	80.498	563
80.523	550	80.548	563
80.574	542	80.599	559
80.624	535	80.650	559
80.675	524	80.701	561
80.725	516	80.751	562
80.777	510	80.802	565
80.827	505	80.852	569
80.878	498	80.903	573
80.928	496	80.954	580
80.979	496	81.005	583
81.029	497	81.055	597
81.081	500	81.106	602
81.131	506	81.156	601
81.182	513	81.208	605
81.232	522	81.258	604
81.283	531	81.309	607
81.334	538	81.359	607
81.385	551	81.410	607
81.435	557	81.461	604
81.486	567	81.512	603
81.536	571	81.562	595
81.588	577	81.613	590
81.638	576	81.663	583
81.689	576	81.714	584
81.739	574	81.765	582
81.790	568	81.816	578
81.840	562	81.866	575
81.892	556	81.917	571
81.942	548	81.967	563
81.993	534	82.019	563
82.043	531	82.069	565
82.094	522	82.120	568
82.145	510	82.170	572
82.196	510	82.221	573
82.246	504	82.272	577
82.297	497	82.323	580
82.347	488	82.373	586
82.399	500	82.424	589
82.449	498	82.474	598
82.500	503	82.526	597
82.550	510	82.576	592
82.601	517	82.627	599
82.651	528	82.677	600
82.703	532	82.728	601
82.753	547	82.778	600
82.804	558	82.830	602
82.854	564	82.880	597
82.905	570	82.931	593
82.956	576	82.981	589
83.007	576	83.032	587
83.057	577	83.083	583
83.108	575	83.134	583
83.158	571	83.184	578
83.210	562	83.235	574
83.260	559	83.285	574
83.311	550	83.337	577
83.361	542	83.387	573
83.412	535	83.438	571
83.462	521	83.488	570
83.514	513	83.539	576
83.564	508	83.589	576
83.615	502	83.641	581
83.665	493	83.691	580
83.716	494	83.742	582
83.767	494	83.792	584
83.818	496	83.843	586
83.868	501	83.894	582
83.919	506	83.945	592
83.969	520	83.995	592
84.021	522	84.046	595
84.071	534	84.096	595
84.122	539	84.148	594
84.172	553	84.198	593
84.223	558	84.249	594
84.273	573	84.299	589
84.325	569	84.350	591
84.375	576	84.400	586
84.426	568	84.452	586
84.476	578	84.502	584
84.527	574	84.553	586
84.578	568	84.603	580
84.629	559	84.654	580
84.679	554	84.705	581
84.730	544	84.756	582
84.780	536	84.806	576
84.832	526	84.857	578
84.882	518	84.907	580
84.933	504	84.959	579
84.983	495	85.009	579
85.034	507	85.060	582
85.084	494	85.110	580
85.136	494	85.161	580
85.187	495	85.211	584
85.237	499	85.263	583
85.288	504	85.313	590
85.338	511	85.364	589
85.390	521	85.414	594
85.440	538	85.465	589
85.491	540	85.516	588
85.541	549	85.567	588
85.592	561	85.617	588
85.643	567	85.668	587
85.694	576	85.718	587
85.744	570	85.770	587
85.795	573	85.820	586
85.845	577	85.871	583
85.897	576	85.921	582
85.947	570	85.972	589
85.998	563	86.022	585
86.048	562	86.074	588
86.099	547	86.124	585
86.149	539	86.175	584
86.201	529	86.225	585
86.251	519	86.276	585
86.302	511	86.327	584
86.352	510	86.378	584
86.403	496	86.428	584
86.454	498	86.479	582
86.505	498	86.529	582
86.555	497	86.581	582
86.606	498	86.631	586
86.656	502	86.682	586
86.708	509	86.732	586
86.758	517	86.783	583
86.809	524	86.833	582
86.859	535	86.885	591
86.910	546	86.935	582
86.960	558	86.986	581
87.012	563	87.036	584
87.062	568	87.087	584
87.113	573	87.138	581
87.163	576	87.189	585
87.214	575	87.239	586
87.265	573	87.290	587
87.316	571	87.340	590
87.366	564	87.392	589
87.417	559	87.442	588
87.467	550	87.493	581
87.519	545	87.543	590
87.569	532	87.594	593
87.620	525	87.644	590
87.670	513	87.696	596
87.721	509	87.746	586
87.771	504	87.797	587
87.823	499	87.847	590
87.873	491	87.898	583
87.924	498	87.949	581
87.974	500	88.000	581
88.025	504	88.050	584
88.076	510	88.101	577
88.127	516	88.152	576
88.177	525	88.203	581
88.228	533	88.254	580
88.278	535	88.304	578
88.330	555	88.355	579
88.380	556	88.405	580
88.431	564	88.457	582
88.481	573	88.507	584
88.532	575	88.558	583
88.582	565	88.608	585
88.634	574	88.659	589
88.684	568	88.709	593
88.735	566	88.761	589
88.785	563	88.811	597
88.836	554	88.862	598
88.887	540	88.912	591
88.938	538	88.963	591
88.988	531	89.014	592
89.039	522	89.065	592
89.089	509	89.115	591
89.141	503	89.166	588
89.191	504	89.216	587
89.242	495	89.268	585
89.292	494	89.318	584
89.343	498	89.369	580
89.393	504	89.419	577
89.445	512	89.470	577
89.495	515	89.520	574
89.546	522	89.572	574
89.596	531	89.622	573
89.647	541	89.673	575
89.698	546	89.723	574
89.749	558	89.774	576
89.799	562	89.825	578
89.850	565	89.876	581
89.900	570	89.926	584
89.952	572	89.977	586
90.002	570	90.027	589
90.053	572	90.079	590
90.103	567	90.129	594
90.154	560	90.180	598
90.204	554	90.230	594
90.256	546	90.281	602
90.306	539	90.331	595
90.357	530	90.383	597
90.407	522	90.433	595
90.458	513	90.484	593
90.509	508	90.534	591
90.560	504	90.585	587
90.610	501	90.636	585
90.661	504	90.687	582
90.711	501	90.737	579
90.763	507	90.788	577
90.813	508	90.838	575
90.864	514	90.890	576
90.914	519	90.940	571
90.965	528	90.991	567
91.015	537	91.041	569
91.067	544	91.092	573
91.117	552	91.142	573
91.168	559	91.194	575
91.218	564	91.244	578
91.269	567	91.295	582
91.320	569	91.345	580
91.371	577	91.396	585
91.422	572	91.447	593
91.472	568	91.498	594
91.523	556	91.548	598
91.574	555	91.599	603
91.625	548	91.649	607
91.675	540	91.701	610
91.726	533	91.751	599
91.776	527	91.802	600
91.828	519	91.852	597
91.878	513	91.903	594
91.929	506	91.953	590
91.979	505	92.005	587
92.030	503	92.055	582
92.080	507	92.106	579
92.132	511	92.156	572
92.182	507	92.207	575
92.233	515	92.258	570
92.283	520	92.309	566
92.334	526	92.359	567
92.385	532	92.410	563
92.436	541	92.460	567
92.486	548	92.512	570
92.537	554	92.562	574
92.587	561	92.613	577
92.639	564	92.663	583
92.689	563	92.714	584
92.740	569	92.764	588
92.790	566	92.816	593
92.841	560	92.866	592
92.891	565	92.917	600
92.943	554	92.967	603
92.993	551	93.018	604
93.044	545	93.069	603
93.094	536	93.120	605
93.145	529	93.170	601
93.196	523	93.221	599
93.247	517	93.271	601
93.297	513	93.323	593
93.348	510	93.373	590
93.398	510	93.424	589
93.450	509	93.474	581
