#Creator: pendulumviewEventBuffer
#Creation time: Sat Apr 16 16:43:29 2011
#Time A	Pos A	Time B	Pos B
#[s]	[au]	[s]	[au]
0.024	535	0.050	454
0.076	534	0.101	455
0.126	535	0.151	454
0.177	534	0.203	448
0.227	533	0.253	452
0.278	534	0.304	458
0.329	531	0.354	444
0.380	537	0.405	462
0.430	537	0.456	477
0.481	535	0.507	490
0.531	535	0.557	521
0.583	535	0.608	548
0.633	535	0.658	581
0.684	540	0.710	610
0.734	535	0.760	639
0.785	540	0.811	665
0.835	539	0.861	690
0.887	540	0.912	704
0.937	541	0.962	713
0.988	543	1.014	716
1.038	543	1.064	714
1.089	548	1.115	713
1.140	548	1.165	690
1.191	550	1.216	667
1.241	552	1.267	643
1.292	555	1.318	614
1.342	546	1.368	583
1.394	552	1.419	554
1.444	541	1.469	527
1.495	551	1.521	503
1.545	544	1.571	483
1.596	542	1.622	468
1.646	539	1.672	462
1.698	537	1.723	453
1.749	532	1.773	467
1.799	529	1.825	477
1.850	526	1.875	491
1.900	524	1.926	515
1.952	528	1.976	540
2.002	524	2.027	568
2.053	514	2.078	601
2.103	514	2.129	627
2.154	517	2.179	653
2.205	526	2.230	677
2.256	532	2.280	695
2.306	535	2.332	711
2.357	537	2.382	707
2.407	543	2.433	712
2.459	553	2.483	709
2.509	553	2.534	691
2.560	557	2.584	672
2.610	559	2.636	651
2.661	563	2.686	625
2.711	563	2.737	591
2.763	563	2.787	566
2.813	562	2.838	539
2.864	558	2.889	514
2.914	554	2.940	494
2.965	551	2.990	477
3.016	545	3.041	470
3.067	539	3.091	466
3.117	531	3.143	471
3.168	525	3.193	484
3.218	520	3.244	494
3.270	513	3.294	515
3.320	510	3.345	538
3.371	508	3.395	559
3.421	509	3.447	587
3.472	509	3.497	615
3.522	515	3.548	640
3.574	515	3.598	665
3.624	514	3.649	683
3.675	525	3.700	699
3.725	534	3.751	705
3.776	544	3.801	705
3.827	549	3.852	701
3.878	559	3.902	690
3.928	563	3.954	677
3.979	569	4.004	659
4.029	572	4.055	639
4.081	576	4.105	609
4.131	580	4.156	579
4.182	577	4.206	554
4.232	579	4.258	526
4.283	568	4.308	505
4.333	566	4.359	488
4.385	557	4.409	477
4.435	542	4.460	470
4.486	536	4.511	471
4.536	523	4.562	479
4.587	516	4.612	483
4.638	508	4.663	501
4.689	501	4.714	530
4.739	497	4.765	550
4.790	496	4.816	582
4.840	494	4.866	605
4.892	498	4.917	633
4.942	502	4.967	651
4.993	510	5.019	671
5.043	520	5.069	686
5.094	526	5.120	698
5.144	539	5.170	698
5.196	551	5.221	696
5.246	559	5.271	688
5.297	561	5.323	680
5.347	576	5.373	652
5.398	585	5.424	637
5.449	588	5.474	616
5.500	594	5.525	585
5.550	589	5.576	567
5.601	586	5.627	540
5.651	581	5.677	511
5.703	572	5.728	501
5.753	560	5.778	489
5.804	554	5.830	486
5.854	539	5.880	477
5.905	528	5.931	482
5.955	512	5.981	493
6.007	504	6.032	508
6.057	495	6.082	522
6.108	489	6.134	541
6.158	484	6.184	565
6.209	482	6.235	598
6.260	481	6.285	614
6.311	487	6.336	640
6.361	494	6.387	657
6.412	507	6.438	672
6.462	513	6.488	684
6.514	527	6.539	684
6.564	549	6.589	690
6.615	557	6.641	685
6.665	572	6.691	673
6.716	582	6.742	659
6.766	591	6.792	637
6.818	597	6.843	622
6.868	601	6.893	603
6.919	602	6.945	582
6.969	598	6.995	549
7.020	591	7.046	533
7.071	582	7.096	515
7.122	573	7.147	502
7.172	555	7.198	493
7.223	544	7.249	489
7.273	529	7.299	490
7.325	507	7.350	496
7.375	504	7.400	511
7.426	490	7.452	523
7.476	479	7.502	542
7.527	476	7.553	556
7.577	472	7.603	577
7.629	474	7.654	600
7.679	477	7.704	617
7.730	484	7.756	641
7.780	490	7.806	658
7.831	505	7.857	670
7.882	522	7.907	675
7.933	531	7.958	679
7.984	556	8.009	676
8.034	569	8.060	669
8.085	585	8.110	657
8.136	592	8.161	642
8.187	605	8.211	625
8.237	610	8.263	606
8.288	611	8.313	585
8.338	610	8.364	565
8.390	605	8.414	549
8.440	595	8.465	529
8.491	583	8.515	515
8.541	569	8.567	505
8.592	552	8.617	502
8.642	535	8.668	501
8.694	520	8.718	506
8.744	503	8.769	510
8.795	489	8.820	531
8.845	471	8.871	540
8.896	466	8.921	558
8.947	464	8.972	577
8.998	464	9.022	596
9.048	466	9.074	610
9.099	473	9.124	631
9.149	484	9.175	646
9.201	496	9.225	652
9.251	515	9.276	660
9.302	532	9.326	667
9.352	552	9.378	669
9.403	572	9.428	661
9.453	571	9.479	654
9.505	599	9.529	640
9.555	615	9.580	625
9.606	612	9.631	608
9.656	622	9.682	591
9.707	618	9.732	576
9.758	614	9.783	558
9.809	606	9.833	542
9.859	593	9.885	535
9.910	579	9.935	522
9.960	561	9.986	512
10.012	542	10.036	514
10.062	525	10.087	514
10.113	502	10.137	522
10.163	489	10.189	531
10.214	476	10.239	541
10.264	461	10.290	556
10.316	456	10.340	571
10.366	457	10.391	587
10.417	457	10.442	605
10.467	464	10.493	623
10.518	474	10.543	627
10.569	488	10.594	634
10.620	504	10.644	643
10.670	524	10.696	648
10.721	542	10.746	653
10.771	563	10.797	644
10.823	585	10.847	642
10.873	597	10.898	634
10.924	612	10.948	624
10.974	616	11.000	612
11.025	623	11.051	600
11.075	633	11.101	582
11.127	623	11.152	568
11.177	615	11.202	559
11.228	604	11.254	538
11.278	592	11.304	533
11.329	569	11.355	527
11.380	549	11.405	524
11.431	530	11.456	527
11.481	509	11.507	531
11.532	491	11.558	534
11.582	475	11.608	547
11.634	461	11.659	559
11.684	455	11.709	569
11.735	452	11.761	585
11.785	450	11.811	598
11.836	457	11.862	608
11.886	465	11.912	618
11.938	471	11.963	628
11.988	496	12.013	633
12.039	512	12.065	641
12.089	535	12.115	641
12.140	556	12.166	640
12.191	576	12.216	636
12.242	595	12.267	627
12.292	612	12.318	623
12.343	623	12.369	614
12.393	631	12.419	599
12.445	631	12.470	589
12.495	625	12.520	576
12.546	625	12.572	565
12.596	609	12.622	560
12.647	597	12.673	544
12.697	580	12.723	543
12.749	557	12.774	542
12.799	532	12.824	541
12.850	517	12.876	537
12.900	495	12.926	550
12.951	478	12.977	555
13.002	463	13.027	568
13.053	451	13.078	568
13.103	444	13.129	577
13.154	444	13.180	589
13.204	449	13.230	597
13.256	463	13.281	606
13.306	469	13.331	615
13.357	488	13.383	622
13.407	503	13.433	625
13.458	526	13.484	629
13.508	548	13.534	626
13.560	575	13.585	624
13.610	590	13.635	617
13.661	608	13.687	608
13.711	621	13.737	606
13.762	631	13.788	600
13.813	636	13.838	593
13.864	637	13.889	584
13.914	633	13.940	577
13.965	622	13.991	570
14.015	609	14.041	563
14.067	594	14.092	560
14.117	568	14.142	556
14.168	541	14.194	555
14.218	510	14.244	554
14.269	501	14.295	554
14.320	483	14.345	555
14.371	467	14.396	565
14.421	455	14.446	574
14.472	449	14.498	581
14.522	440	14.548	586
14.573	442	14.599	591
14.624	447	14.649	597
14.675	462	14.700	598
14.725	483	14.751	606
14.776	492	14.802	610
14.826	521	14.852	613
14.878	544	14.903	613
14.928	563	14.953	603
14.979	586	15.005	609
15.029	603	15.055	605
15.080	618	15.106	603
15.131	631	15.156	601
15.182	638	15.207	593
15.232	639	15.257	583
15.283	635	15.309	587
15.333	626	15.359	579
15.384	612	15.410	577
15.435	596	15.460	579
15.486	575	15.511	570
15.537	553	15.562	569
15.587	529	15.613	568
15.638	509	15.663	569
15.689	488	15.714	570
15.740	469	15.764	573
15.790	452	15.816	575
15.841	447	15.866	571
15.891	441	15.917	577
15.943	440	15.967	588
15.993	446	16.018	593
16.044	457	16.068	590
16.094	471	16.120	594
16.145	492	16.170	601
16.195	510	16.221	598
16.247	532	16.271	598
16.297	563	16.322	598
16.348	579	16.373	598
16.398	599	16.424	597
16.449	615	16.474	599
16.500	627	16.525	593
16.551	636	16.575	591
16.601	639	16.627	591
16.652	638	16.677	586
16.702	630	16.728	590
16.754	619	16.778	586
16.804	603	16.829	587
16.855	584	16.880	581
16.905	559	16.931	583
16.956	544	16.981	583
17.006	527	17.032	583
17.058	496	17.082	582
17.108	481	17.133	583
17.159	458	17.184	586
17.209	450	17.235	583
17.260	438	17.285	583
17.311	445	17.336	588
17.362	445	17.386	583
17.412	452	17.438	581
17.463	465	17.488	583
17.513	482	17.539	583
17.565	503	17.589	584
17.615	524	17.640	584
17.666	547	17.691	585
17.716	572	17.742	586
17.767	589	17.792	587
17.817	611	17.843	587
17.869	626	17.893	586
17.919	632	17.944	590
17.970	638	17.995	591
18.020	634	18.046	589
18.071	632	18.096	599
18.122	622	18.147	593
18.173	608	18.197	593
18.223	593	18.249	601
18.274	568	18.299	597
18.324	546	18.350	596
18.376	533	18.400	596
18.426	504	18.451	594
18.477	484	18.502	592
18.527	466	18.553	590
18.578	454	18.604	587
18.628	446	18.654	586
18.680	444	18.705	583
18.730	445	18.755	568
18.781	452	18.807	571
18.831	461	18.857	573
18.882	478	18.908	573
18.933	495	18.958	569
18.984	516	19.009	571
19.034	540	19.060	573
19.085	560	19.111	574
19.135	580	19.161	578
19.187	601	19.212	578
19.237	618	19.262	582
19.288	624	19.314	585
19.338	638	19.364	590
19.389	630	19.415	595
19.440	629	19.465	599
19.491	623	19.516	599
19.541	612	19.566	609
19.592	591	19.618	605
19.642	571	19.668	604
19.693	554	19.719	601
19.744	533	19.769	606
19.795	513	19.820	608
19.845	494	19.871	604
19.896	476	19.922	598
19.946	465	19.972	595
19.998	452	20.023	589
20.048	447	20.073	583
20.099	451	20.125	579
20.149	457	20.175	570
20.200	458	20.226	564
20.251	476	20.276	570
20.302	491	20.327	564
20.352	510	20.377	564
20.403	532	20.429	556
20.453	549	20.479	564
20.504	573	20.530	565
20.555	591	20.580	569
20.606	606	20.631	574
20.656	625	20.682	579
20.707	623	20.733	585
20.757	632	20.783	593
20.809	621	20.834	599
20.859	627	20.884	605
20.910	612	20.936	610
20.960	595	20.986	613
21.011	582	21.037	617
21.062	560	21.087	622
21.113	546	21.138	617
21.163	522	21.188	619
21.214	501	21.240	604
21.264	485	21.290	609
21.315	471	21.341	602
21.366	459	21.391	595
21.417	453	21.442	587
21.467	454	21.493	578
21.518	456	21.544	571
21.568	464	21.594	563
21.620	471	21.645	558
21.670	492	21.695	553
21.721	506	21.747	552
21.771	525	21.797	551
21.822	546	21.848	556
21.873	564	21.898	552
21.924	583	21.949	546
21.974	598	22.000	566
22.025	611	22.051	577
22.075	620	22.101	582
22.126	629	22.152	591
22.177	623	22.202	600
22.228	619	22.253	608
22.279	613	22.304	616
22.329	601	22.355	623
22.380	583	22.405	627
22.431	565	22.456	631
22.482	548	22.506	631
22.532	529	22.558	628
22.583	511	22.608	624
22.633	493	22.659	618
22.685	478	22.709	610
22.735	468	22.760	605
22.786	457	22.811	592
22.836	454	22.862	579
22.887	458	22.912	571
22.937	463	22.963	561
22.989	475	23.013	552
23.039	485	23.064	551
23.090	499	23.115	540
23.140	525	23.166	540
23.191	535	23.216	549
23.242	557	23.267	543
23.293	573	23.317	544
23.343	588	23.369	557
23.394	602	23.419	567
23.444	608	23.470	576
23.496	616	23.520	589
23.546	619	23.571	603
23.597	616	23.622	603
23.647	610	23.673	620
23.698	601	23.723	627
23.748	587	23.774	635
23.800	569	23.824	643
23.850	554	23.875	641
23.901	536	23.926	640
23.951	519	23.977	634
24.002	504	24.027	629
24.053	489	24.078	621
24.104	477	24.128	604
24.154	469	24.180	603
24.205	465	24.230	581
24.255	465	24.281	564
24.307	472	24.331	561
24.357	476	24.382	548
24.408	485	24.433	542
24.458	501	24.484	534
24.509	519	24.534	532
24.560	531	24.585	530
24.611	549	24.635	533
24.661	563	24.686	537
24.712	580	24.737	547
24.762	591	24.788	556
24.813	602	24.838	568
24.864	608	24.889	582
24.915	611	24.939	596
24.965	611	24.991	611
25.016	605	25.041	629
25.066	599	25.092	638
25.118	587	25.142	638
25.168	573	25.193	644
25.219	560	25.244	647
25.269	540	25.295	647
25.320	523	25.346	642
25.371	514	25.396	637
25.422	503	25.447	631
25.472	487	25.497	615
25.523	478	25.549	604
25.573	474	25.599	590
25.624	469	25.650	581
25.675	475	25.700	556
25.726	481	25.751	543
25.776	490	25.802	538
25.827	502	25.853	527
25.877	514	25.903	521
25.929	526	25.954	522
25.979	544	26.004	528
26.030	558	26.056	529
26.080	572	26.106	534
26.131	581	26.157	547
26.182	585	26.207	560
26.233	597	26.258	573
26.283	603	26.308	589
26.334	600	26.360	602
26.384	599	26.410	619
26.435	593	26.461	635
26.486	585	26.511	647
26.537	575	26.562	652
26.587	561	26.613	653
26.638	548	26.664	654
26.688	534	26.714	653
26.740	518	26.765	646
26.790	503	26.815	637
26.841	497	26.867	626
26.891	486	26.917	612
26.942	483	26.968	595
26.993	489	27.018	579
27.044	483	27.069	565
27.094	487	27.120	549
27.145	492	27.171	545
27.195	501	27.221	531
27.246	512	27.272	522
27.297	523	27.322	516
27.348	537	27.373	513
27.398	550	27.424	522
27.449	556	27.475	526
27.499	571	27.525	541
27.551	579	27.576	550
27.601	591	27.626	567
27.652	597	27.678	582
27.702	595	27.728	598
27.753	592	27.779	616
27.804	589	27.829	631
27.855	581	27.880	643
27.905	576	27.931	647
27.956	562	27.982	657
28.006	552	28.032	658
28.057	539	28.083	664
28.108	528	28.133	652
28.159	517	28.184	647
28.209	504	28.235	633
28.260	499	28.286	612
28.310	494	28.336	602
28.362	495	28.387	586
28.412	496	28.437	567
28.463	490	28.489	553
28.513	494	28.539	529
28.564	504	28.590	528
28.615	514	28.640	518
28.666	522	28.691	507
28.716	533	28.742	503
28.767	545	28.793	512
28.817	554	28.843	518
28.868	563	28.894	524
28.919	571	28.944	544
28.970	576	28.995	558
29.020	578	29.046	578
29.071	585	29.097	596
29.121	574	29.147	611
29.173	572	29.198	627
29.223	573	29.248	642
29.274	570	29.300	654
29.324	561	29.350	659
29.375	553	29.401	667
29.426	543	29.451	664
29.477	535	29.502	661
29.527	525	29.553	658
29.578	518	29.604	644
29.628	509	29.654	628
29.680	504	29.705	610
29.730	503	29.755	592
29.781	504	29.806	573
29.831	508	29.857	556
29.882	504	29.908	542
29.932	510	29.958	526
29.984	524	30.009	517
30.034	524	30.059	512
30.085	530	30.111	507
30.135	539	30.161	507
30.186	549	30.212	513
30.237	554	30.262	522
30.288	563	30.313	533
30.338	568	30.364	557
30.389	571	30.415	570
30.439	572	30.465	587
30.491	571	30.516	607
30.541	570	30.566	624
30.592	571	30.617	639
30.642	560	30.668	656
30.693	554	30.719	663
30.743	549	30.769	667
30.795	544	30.820	668
30.845	544	30.870	666
30.896	532	30.922	658
30.946	525	30.972	648
30.997	520	31.023	635
31.048	515	31.073	617
31.099	514	31.124	605
31.149	511	31.175	580
31.200	510	31.226	563
31.250	515	31.276	546
31.302	525	31.327	531
31.352	520	31.377	516
31.403	526	31.428	509
31.453	532	31.479	505
31.504	531	31.530	505
31.554	549	31.580	517
31.606	546	31.631	519
31.656	552	31.681	528
31.707	557	31.733	545
31.757	560	31.783	558
31.808	565	31.834	580
31.859	562	31.884	598
31.910	563	31.935	619
31.960	560	31.986	626
32.011	558	32.037	650
32.061	555	32.087	660
32.113	545	32.138	667
32.163	539	32.188	669
32.214	541	32.240	669
32.264	537	32.290	664
32.315	532	32.341	655
32.365	527	32.391	641
32.417	526	32.442	625
32.467	525	32.492	607
32.518	523	32.544	581
32.568	524	32.594	570
32.619	523	32.645	547
32.670	526	32.695	535
32.721	527	32.746	521
32.771	525	32.797	511
32.822	529	32.848	505
32.872	542	32.898	504
32.924	540	32.949	506
32.974	543	32.999	513
33.025	548	33.051	524
33.075	546	33.101	538
33.126	548	33.152	554
33.176	546	33.202	576
33.228	550	33.253	592
33.278	550	33.303	608
33.329	555	33.355	631
33.379	550	33.405	648
33.430	541	33.456	656
33.481	546	33.506	666
33.532	555	33.557	673
33.582	544	33.608	671
33.633	541	33.659	667
33.683	543	33.709	657
33.735	539	33.760	647
33.785	538	33.810	631
33.836	533	33.862	613
33.886	528	33.912	595
33.937	535	33.963	577
33.987	541	34.013	560
34.039	536	34.064	541
34.089	535	34.114	521
34.140	535	34.166	517
34.190	536	34.216	506
34.241	538	34.267	500
34.292	539	34.317	509
34.343	543	34.368	514
34.393	540	34.419	521
34.444	543	34.470	533
34.494	547	34.520	549
34.546	535	34.571	567
34.596	533	34.621	585
34.647	537	34.673	605
34.697	542	34.723	625
34.748	541	34.774	641
34.798	541	34.824	648
34.850	541	34.875	660
34.901	540	34.925	663
34.951	541	34.977	670
35.002	540	35.027	664
35.052	540	35.078	660
35.104	542	35.128	650
35.154	546	35.179	637
35.205	543	35.230	619
35.255	541	35.281	602
35.306	542	35.331	582
35.357	548	35.382	564
35.408	543	35.432	547
35.458	542	35.484	530
35.509	543	35.534	514
35.559	541	35.585	505
35.611	539	35.635	503
35.661	538	35.686	511
35.712	536	35.736	509
35.762	536	35.788	516
35.813	536	35.838	530
35.863	534	35.889	545
35.915	535	35.939	562
35.965	532	35.990	576
36.016	527	36.041	598
36.066	530	36.092	615
36.117	534	36.142	630
36.168	535	36.193	648
36.219	538	36.243	657
36.269	535	36.295	664
36.320	541	36.345	669
36.370	542	36.396	668
36.422	544	36.446	660
36.472	546	36.497	652
36.523	548	36.547	644
36.573	551	36.599	620
36.624	549	36.649	611
36.674	554	36.700	590
36.726	554	36.750	575
36.776	552	36.801	554
36.827	556	36.852	536
36.877	553	36.903	524
36.928	543	36.953	518
36.979	542	37.004	508
37.030	536	37.054	510
37.080	536	37.106	510
37.131	529	37.156	518
37.181	529	37.207	531
37.233	528	37.257	539
37.283	524	37.308	560
37.334	524	37.358	575
37.384	522	37.410	583
37.435	520	37.460	610
37.485	525	37.511	623
37.537	527	37.561	639
37.587	532	37.612	653
37.638	540	37.663	662
37.688	540	37.714	664
37.739	542	37.764	664
37.790	546	37.815	663
37.841	553	37.866	657
37.891	552	37.917	645
37.942	557	37.968	626
37.992	558	38.018	618
38.044	561	38.069	598
38.094	561	38.119	579
38.145	560	38.171	561
38.195	552	38.221	546
38.246	552	38.272	534
38.296	551	38.322	523
38.348	541	38.373	515
38.398	539	38.423	514
38.449	536	38.475	514
38.499	538	38.525	519
38.550	528	38.576	524
38.601	521	38.626	537
38.652	519	38.677	547
38.702	516	38.728	568
38.753	515	38.779	585
38.803	515	38.829	600
38.855	516	38.880	620
38.905	519	38.930	634
38.956	520	38.982	644
39.006	524	39.032	652
39.057	527	39.083	656
39.107	535	39.133	658
39.159	545	39.184	656
39.209	545	39.234	650
39.260	553	39.286	644
39.310	564	39.336	631
39.361	565	39.387	617
39.412	568	39.437	593
39.463	568	39.488	580
39.513	569	39.539	567
39.564	566	39.590	557
39.614	557	39.640	548
39.666	557	39.691	531
39.716	552	39.741	524
39.767	545	39.793	519
39.817	532	39.843	518
39.868	532	39.894	520
39.918	522	39.944	528
39.970	516	39.995	541
40.020	509	40.045	550
40.071	511	40.097	563
40.121	508	40.147	576
40.172	506	40.198	594
40.223	509	40.248	611
40.274	512	40.299	621
40.324	507	40.350	631
40.375	522	40.401	639
40.425	528	40.451	646
40.477	539	40.502	651
40.527	540	40.552	653
40.578	546	40.604	648
40.628	560	40.654	641
40.679	564	40.705	631
40.729	569	40.755	618
40.781	577	40.806	605
40.831	575	40.856	591
40.882	575	40.908	571
40.932	573	40.958	556
40.983	569	41.009	545
41.034	562	41.059	537
41.085	558	41.110	529
41.136	550	41.161	521
41.186	542	41.212	515
41.237	533	41.262	526
41.288	524	41.313	528
41.339	510	41.363	539
41.389	514	41.415	550
41.440	511	41.465	566
41.490	501	41.516	575
41.542	499	41.566	588
41.592	500	41.617	605
41.643	504	41.667	616
41.693	507	41.719	627
41.744	515	41.769	637
41.794	522	41.820	642
41.846	532	41.870	650
41.896	539	41.921	646
41.947	550	41.972	643
41.997	561	42.023	639
42.048	568	42.073	631
42.099	575	42.124	619
42.150	581	42.174	608
42.200	576	42.226	593
42.251	590	42.276	583
42.301	580	42.327	568
42.353	575	42.377	559
42.403	569	42.428	546
42.454	563	42.478	544
42.504	555	42.530	540
42.555	546	42.580	535
42.605	536	42.631	529
42.657	525	42.681	534
42.707	510	42.732	539
42.758	507	42.783	550
42.808	500	42.834	555
42.859	495	42.884	573
42.910	497	42.935	584
42.961	499	42.985	594
43.011	489	43.037	607
43.062	502	43.087	611
43.112	508	43.138	621
43.164	517	43.188	636
43.214	527	43.239	637
43.265	537	43.289	635
43.315	547	43.341	635
43.366	559	43.391	638
43.416	569	43.442	625
43.468	575	43.492	612
43.518	583	43.543	609
43.569	589	43.594	598
43.619	590	43.645	587
43.670	581	43.695	576
43.721	583	43.746	565
43.772	573	43.796	554
43.822	566	43.848	546
43.873	558	43.898	541
43.923	548	43.949	540
43.975	539	43.999	534
44.025	529	44.050	537
44.076	524	44.100	544
44.126	509	44.152	548
44.177	498	44.203	558
44.227	496	44.253	571
44.279	487	44.304	583
44.329	488	44.354	591
44.380	490	44.406	601
44.430	493	44.456	610
44.481	495	44.507	622
44.532	513	44.557	625
44.583	522	44.608	630
44.633	532	44.659	633
44.684	544	44.710	629
44.734	556	44.760	628
44.786	567	44.811	629
44.836	575	44.861	614
44.887	587	44.913	618
44.937	589	44.963	600
44.988	592	45.014	589
45.038	589	45.064	580
45.090	586	45.115	573
45.140	589	45.165	562
45.191	579	45.217	557
45.241	571	45.267	552
45.292	552	45.318	547
45.343	544	45.368	546
45.394	518	45.419	545
45.444	518	45.470	548
45.495	509	45.521	554
45.545	497	45.571	568
45.597	494	45.622	569
45.647	489	45.672	577
45.698	486	45.724	586
45.748	487	45.774	586
45.799	491	45.825	604
45.849	498	45.875	612
45.901	503	45.926	616
45.951	518	45.976	621
46.002	533	46.028	629
46.052	545	46.078	625
46.103	547	46.129	622
46.154	567	46.179	617
46.205	579	46.230	612
46.255	576	46.281	609
46.306	590	46.332	603
46.356	594	46.382	586
46.408	595	46.433	576
46.458	593	46.483	579
46.509	590	46.535	573
46.559	580	46.585	569
46.610	572	46.636	553
46.660	552	46.686	556
46.712	548	46.737	555
46.762	540	46.787	555
46.813	517	46.839	555
46.863	513	46.889	564
46.914	498	46.940	565
46.965	492	46.990	560
47.016	487	47.041	581
47.066	483	47.092	579
47.117	483	47.143	590
47.167	486	47.193	597
47.219	491	47.244	601
47.269	500	47.294	606
47.320	512	47.346	610
47.370	523	47.396	615
47.421	538	47.447	615
47.472	541	47.497	611
47.523	560	47.548	612
47.573	569	47.598	609
47.624	583	47.650	606
47.674	590	47.700	603
47.725	595	47.751	589
47.776	598	47.801	589
47.827	597	47.852	586
47.877	592	47.903	588
47.928	585	47.954	570
47.978	576	48.004	570
48.030	565	48.055	566
48.080	546	48.105	564
48.131	540	48.157	564
48.181	527	48.207	565
48.232	519	48.258	568
48.283	506	48.308	571
48.334	490	48.359	577
48.384	487	48.409	581
48.435	482	48.461	586
48.485	480	48.511	590
48.536	483	48.562	597
48.587	488	48.612	593
48.638	495	48.663	600
48.689	507	48.714	607
48.739	518	48.765	604
48.790	531	48.815	606
48.841	544	48.866	606
48.892	557	48.916	604
48.942	572	48.968	603
48.993	576	49.018	596
49.043	591	49.069	601
49.095	595	49.119	595
49.145	595	49.170	588
49.196	601	49.220	586
49.246	597	49.272	584
49.297	588	49.322	581
49.347	582	49.373	578
49.399	569	49.423	574
49.449	556	49.474	567
49.500	546	49.525	574
49.550	530	49.576	570
49.601	517	49.626	581
49.652	506	49.677	572
49.703	495	49.727	578
49.753	487	49.779	580
49.804	483	49.829	584
49.854	475	49.880	585
49.906	481	49.930	588
49.956	486	49.981	592
50.007	492	50.032	602
50.057	502	50.083	596
50.108	514	50.133	595
50.158	527	50.184	596
50.210	540	50.234	598
50.260	553	50.285	595
50.311	567	50.336	596
50.361	579	50.387	595
50.412	587	50.437	592
50.463	589	50.488	592
50.514	595	50.538	589
50.564	595	50.590	587
50.615	607	50.640	586
50.665	594	50.691	585
50.717	587	50.741	580
50.767	574	50.792	583
50.818	562	50.843	582
50.868	549	50.894	580
50.919	541	50.944	580
50.969	523	50.995	576
51.021	510	51.045	581
51.071	499	51.096	582
51.122	490	51.147	585
51.172	481	51.198	586
51.223	477	51.248	585
51.274	479	51.299	586
51.325	485	51.349	585
51.375	496	51.401	581
51.426	499	51.451	582
51.476	511	51.502	587
51.528	523	51.552	589
51.578	534	51.603	595
51.629	549	51.654	587
51.679	560	51.705	590
51.730	570	51.756	581
51.780	584	51.806	587
51.832	592	51.857	588
51.882	597	51.907	589
51.933	596	51.959	589
51.983	596	52.009	589
52.034	589	52.060	590
52.085	586	52.110	592
52.136	576	52.161	588
52.186	571	52.212	585
52.237	556	52.263	587
52.287	541	52.313	592
52.339	526	52.364	585
52.389	515	52.414	584
52.440	503	52.466	591
52.490	494	52.516	587
52.541	483	52.567	585
52.592	491	52.617	586
52.643	490	52.668	585
52.693	476	52.718	585
52.744	485	52.770	584
52.794	495	52.820	575
52.845	510	52.871	585
52.896	517	52.921	581
52.947	530	52.972	582
52.997	542	53.023	582
53.048	555	53.074	582
53.098	568	53.124	590
53.150	579	53.175	586
53.200	588	53.225	587
53.251	594	53.277	588
53.301	596	53.327	590
53.352	596	53.378	582
53.403	595	53.428	594
53.454	584	53.479	592
53.504	580	53.529	596
53.555	564	53.581	597
53.605	560	53.631	596
53.656	546	53.682	597
53.707	535	53.732	598
53.758	519	53.783	594
53.808	508	53.834	598
53.859	498	53.885	591
53.909	491	53.935	595
53.961	486	53.986	592
54.011	485	54.036	588
54.062	486	54.088	582
54.112	493	54.138	583
54.163	492	54.189	577
54.214	505	54.239	575
54.265	516	54.290	576
54.315	522	54.340	574
54.366	544	54.392	574
54.416	553	54.442	575
54.467	568	54.493	578
54.518	573	54.543	581
54.569	582	54.594	583
54.619	589	54.645	593
54.670	594	54.696	590
54.720	594	54.746	591
54.772	594	54.797	596
54.822	588	54.847	598
54.873	578	54.899	606
54.923	572	54.949	602
54.974	559	55.000	603
55.025	555	55.050	604
55.076	537	55.101	603
55.126	524	55.152	598
55.177	521	55.203	599
55.227	504	55.253	596
55.278	495	55.304	591
55.329	491	55.354	592
55.380	490	55.405	581
55.431	487	55.456	579
55.481	488	55.507	579
55.532	494	55.557	575
55.583	501	55.608	575
55.634	514	55.658	572
55.684	522	55.710	568
55.735	532	55.760	572
55.785	546	55.811	569
55.837	561	55.861	574
55.887	570	55.912	568
55.938	576	55.963	579
55.988	585	56.014	581
56.039	590	56.064	583
56.089	591	56.115	590
56.141	593	56.165	598
56.191	587	56.216	601
56.242	580	56.267	605
56.292	574	56.318	605
56.343	563	56.368	610
56.394	552	56.419	610
56.445	540	56.469	608
56.495	527	56.521	611
56.546	519	56.571	606
56.596	509	56.622	599
56.648	502	56.672	598
56.698	498	56.723	593
56.749	491	56.774	588
56.799	490	56.825	582
56.850	491	56.875	574
56.900	497	56.926	570
56.952	503	56.976	572
57.002	507	57.027	569
57.053	515	57.078	566
57.103	530	57.129	561
57.154	544	57.179	563
57.205	554	57.230	565
57.256	562	57.280	569
57.306	567	57.332	573
57.357	581	57.382	578
57.407	585	57.433	582
57.459	587	57.483	587
57.509	587	57.534	599
57.560	592	57.585	599
57.610	581	57.636	604
57.661	576	57.686	613
57.712	565	57.737	615
57.763	555	57.787	616
57.813	544	57.838	618
57.864	534	57.889	619
57.914	525	57.940	612
57.965	519	57.990	608
58.016	505	58.041	603
58.067	498	58.091	597
58.117	493	58.143	590
58.168	495	58.193	587
58.218	491	58.244	577
58.270	499	58.294	579
58.320	504	58.345	568
58.371	508	58.396	561
58.421	518	58.447	555
58.472	528	58.498	559
58.523	539	58.548	559
58.574	549	58.599	556
58.624	558	58.649	562
58.675	568	58.701	567
58.725	576	58.751	573
58.776	579	58.802	580
58.827	581	58.852	587
58.878	587	58.903	593
58.928	577	58.954	599
58.979	574	59.005	608
59.029	574	59.055	611
59.081	567	59.106	612
59.131	557	59.156	620
59.182	548	59.208	618
59.232	536	59.258	618
59.283	528	59.309	617
59.334	519	59.359	616
59.385	512	59.410	607
59.435	504	59.460	600
59.486	501	59.512	594
59.536	502	59.562	588
59.587	503	59.613	576
59.638	509	59.663	567
59.689	510	59.714	566
59.739	514	59.765	560
59.790	519	59.816	557
59.840	527	59.866	552
59.892	537	59.917	554
59.942	547	59.967	556
59.993	553	60.019	558
60.043	566	60.069	565
60.094	564	60.120	569
60.145	572	60.170	576
60.196	576	60.221	584
60.246	579	60.272	592
60.297	578	60.323	600
60.347	569	60.373	607
60.398	571	60.424	615
60.449	569	60.474	619
60.500	563	60.525	622
60.550	550	60.576	626
60.601	541	60.627	626
60.651	534	60.677	621
60.703	525	60.728	616
60.753	520	60.778	607
60.804	515	60.830	594
60.854	508	60.880	599
60.905	506	60.931	588
60.956	503	60.981	579
61.007	509	61.032	572
61.057	510	61.083	563
61.108	513	61.134	558
61.158	524	61.184	552
61.209	523	61.235	550
61.260	530	61.285	549
61.311	541	61.336	549
61.361	551	61.387	552
61.412	556	61.438	550
61.462	562	61.488	562
61.514	568	61.539	577
61.564	569	61.589	589
61.615	570	61.641	591
61.665	571	61.691	597
61.716	569	61.742	605
61.767	566	61.792	614
61.818	565	61.843	620
61.868	556	61.894	624
61.919	553	61.945	625
61.969	544	61.995	627
62.020	534	62.046	627
62.071	530	62.096	623
62.122	523	62.147	618
62.172	516	62.198	607
62.223	513	62.249	602
62.273	511	62.299	594
62.325	510	62.350	583
62.375	511	62.400	578
62.426	513	62.452	565
62.476	517	62.502	558
62.527	521	62.553	552
62.578	528	62.603	546
62.629	530	62.654	547
62.679	541	62.705	546
62.730	546	62.756	548
62.780	552	62.806	553
62.832	563	62.857	558
62.882	562	62.907	573
62.933	566	62.958	570
62.983	567	63.009	588
63.034	567	63.060	599
63.084	565	63.110	611
63.136	563	63.161	619
63.186	561	63.211	617
63.237	557	63.263	627
63.287	552	63.313	629
63.338	546	63.364	630
63.389	542	63.414	630
63.440	539	63.465	622
63.490	533	63.516	625
63.541	521	63.567	610
63.591	516	63.617	608
63.643	511	63.668	596
63.693	516	63.718	590
63.744	516	63.769	579
63.794	517	63.820	564
63.845	517	63.871	565
63.895	524	63.921	557
63.947	526	63.972	544
63.997	531	64.022	544
64.048	542	64.074	541
64.098	543	64.124	542
64.149	556	64.175	550
64.200	555	64.225	555
64.251	557	64.276	563
64.301	554	64.327	576
64.352	558	64.378	587
64.402	559	64.428	593
64.454	562	64.479	601
64.504	551	64.529	611
64.555	557	64.580	624
64.605	554	64.631	623
64.656	549	64.682	628
64.706	545	64.732	633
64.758	542	64.783	632
64.808	536	64.833	629
64.859	533	64.885	624
64.909	530	64.935	618
64.960	528	64.986	609
65.011	529	65.036	600
65.062	516	65.087	590
65.112	530	65.138	579
65.163	523	65.189	570
65.213	525	65.239	564
65.265	526	65.290	551
65.315	529	65.340	543
65.366	534	65.392	547
65.416	540	65.442	538
65.467	541	65.493	547
65.517	545	65.543	547
65.569	546	65.594	552
65.619	553	65.644	558
65.670	548	65.696	568
65.720	556	65.746	578
65.771	554	65.797	588
65.822	553	65.847	603
65.873	554	65.898	610
65.923	553	65.949	611
65.974	551	66.000	617
66.024	548	66.050	619
66.076	544	66.101	630
66.126	543	66.151	632
66.177	540	66.203	634
66.227	537	66.253	622
66.278	533	66.304	622
66.328	531	66.354	614
66.380	527	66.405	605
66.430	526	66.455	593
66.481	523	66.507	582
66.531	532	66.557	576
66.582	534	66.608	563
66.633	526	66.658	556
66.684	534	66.709	545
66.734	534	66.760	541
66.785	537	66.811	543
66.835	539	66.861	535
66.887	541	66.912	552
66.937	546	66.962	546
66.988	546	67.014	558
67.038	547	67.064	565
67.089	548	67.115	574
67.139	549	67.165	584
67.191	547	67.216	596
67.241	550	67.266	605
67.292	547	67.318	616
67.342	550	67.368	623
67.393	546	67.419	629
67.445	544	67.469	629
67.495	541	67.520	638
67.546	542	67.571	632
67.596	538	67.622	630
67.647	537	67.672	622
67.698	537	67.723	612
67.749	537	67.773	605
67.799	535	67.825	601
67.850	536	67.875	586
67.900	539	67.926	574
67.952	530	67.976	566
68.002	538	68.027	557
68.053	536	68.077	550
68.103	534	68.129	549
68.154	543	68.179	543
68.204	533	68.230	544
68.256	541	68.280	547
68.306	541	68.331	550
68.357	543	68.382	554
68.407	543	68.433	568
68.458	543	68.483	566
68.509	543	68.534	582
68.560	543	68.584	593
68.610	542	68.636	603
68.661	540	68.686	610
68.711	540	68.737	620
68.763	547	68.787	625
68.813	540	68.838	631
68.864	542	68.888	633
68.914	539	68.940	631
68.965	543	68.990	631
69.015	545	69.041	624
69.067	538	69.091	614
69.117	542	69.142	610
69.168	541	69.193	596
69.218	541	69.244	586
69.269	541	69.294	576
69.320	540	69.345	569
69.371	540	69.395	559
69.421	542	69.447	552
69.472	543	69.497	548
69.522	544	69.548	544
69.574	532	69.598	543
69.624	544	69.649	542
69.675	537	69.699	547
69.725	540	69.751	552
69.776	538	69.801	560
69.826	539	69.852	567
69.878	538	69.902	574
69.928	538	69.953	595
69.979	539	70.004	595
70.029	538	70.055	611
70.080	539	70.105	616
70.131	539	70.156	622
70.182	541	70.206	633
70.232	541	70.258	631
70.283	541	70.308	632
70.333	540	70.359	629
70.385	542	70.409	625
70.435	540	70.460	618
70.486	545	70.510	613
70.536	545	70.562	603
70.587	545	70.613	594
70.637	547	70.663	584
70.689	545	70.714	569
70.739	546	70.764	565
70.790	546	70.816	555
70.840	543	70.866	549
70.891	542	70.917	546
70.942	541	70.967	545
70.993	541	71.018	545
71.043	533	71.069	548
71.094	539	71.120	552
71.144	536	71.170	560
71.196	532	71.221	567
71.246	536	71.271	575
71.297	533	71.323	588
71.347	535	71.373	597
71.398	534	71.424	605
71.448	535	71.474	613
71.500	536	71.525	620
71.550	537	71.575	629
71.601	540	71.627	627
71.651	543	71.677	628
71.702	544	71.728	628
71.753	547	71.778	625
71.804	547	71.829	620
71.854	546	71.880	613
71.905	543	71.931	607
71.955	557	71.981	597
72.007	549	72.032	588
72.057	549	72.082	576
72.108	549	72.134	569
72.158	549	72.184	568
72.209	548	72.235	553
72.259	544	72.285	553
72.311	543	72.336	549
72.361	541	72.386	549
72.412	537	72.438	544
72.462	535	72.488	552
72.513	536	72.539	558
72.564	529	72.589	566
72.615	536	72.640	575
72.665	529	72.691	581
72.716	520	72.742	591
72.766	534	72.792	596
72.818	530	72.843	612
72.868	532	72.893	614
72.919	534	72.945	616
72.969	537	72.995	624
73.020	540	73.046	627
73.070	543	73.096	617
73.122	541	73.147	624
73.172	547	73.197	624
73.223	549	73.249	613
73.273	552	73.299	608
73.324	559	73.350	598
73.375	552	73.400	591
73.426	555	73.451	581
73.476	558	73.502	581
73.527	544	73.553	565
73.577	548	73.603	559
73.629	546	73.654	555
73.679	545	73.704	559
73.730	547	73.756	548
73.780	538	73.806	556
73.831	532	73.857	553
73.881	536	73.907	554
73.933	529	73.958	565
73.983	527	74.008	567
74.034	526	74.060	582
74.084	530	74.110	588
74.135	529	74.161	596
74.186	520	74.211	605
74.237	529	74.262	609
74.288	528	74.313	619
74.338	531	74.364	618
74.389	540	74.414	625
74.440	546	74.465	620
74.491	543	74.515	625
74.541	547	74.567	617
74.592	554	74.617	608
74.642	554	74.668	609
74.694	556	74.718	600
74.744	558	74.769	593
74.795	562	74.819	584
74.845	560	74.871	576
74.896	558	74.921	569
74.946	555	74.972	563
74.998	546	75.022	558
75.048	549	75.073	555
75.099	540	75.124	556
75.149	539	75.175	554
75.200	533	75.225	560
75.251	531	75.276	556
75.302	528	75.326	566
75.352	525	75.378	564
75.403	524	75.428	581
75.453	522	75.479	586
75.505	521	75.529	593
75.555	524	75.580	602
75.606	526	75.630	607
75.656	529	75.682	612
75.707	537	75.732	616
75.757	538	75.783	626
75.809	543	75.833	621
75.859	541	75.884	620
75.910	549	75.935	621
75.960	553	75.986	609
76.011	557	76.036	606
76.062	557	76.087	597
76.113	561	76.137	592
76.163	562	76.189	589
76.214	559	76.239	580
76.264	564	76.290	574
76.316	557	76.340	568
76.366	553	76.391	563
76.417	542	76.441	558
76.467	538	76.493	559
76.518	542	76.543	557
76.568	535	76.594	556
76.620	526	76.644	561
76.670	527	76.695	565
76.721	524	76.746	575
76.771	514	76.797	569
76.822	519	76.847	586
76.873	519	76.898	591
76.924	516	76.948	597
76.974	525	77.000	604
77.025	526	77.050	606
77.075	530	77.101	610
77.127	532	77.151	614
77.177	537	77.202	616
77.228	540	77.252	615
77.278	543	77.304	615
77.329	557	77.355	610
77.379	553	77.405	606
77.431	558	77.456	603
77.481	562	77.506	600
77.532	564	77.558	584
77.582	563	77.608	587
77.633	562	77.659	568
77.684	559	77.709	572
77.735	554	77.760	567
77.785	550	77.811	565
77.836	550	77.862	558
77.886	544	77.912	560
77.938	536	77.963	562
77.988	536	78.013	564
78.039	529	78.065	566
78.089	518	78.115	575
78.140	515	78.166	578
78.190	517	78.216	585
78.242	516	78.267	587
78.292	516	78.317	594
78.343	519	78.369	605
78.393	521	78.419	601
78.444	526	78.470	605
78.495	531	78.520	612
78.546	535	78.571	614
78.596	542	78.622	609
78.647	542	78.673	610
78.697	549	78.723	609
78.749	559	78.774	604
78.799	560	78.824	601
78.850	562	78.876	598
78.900	565	78.926	587
78.951	560	78.977	585
79.001	565	79.027	573
79.053	562	79.078	575
79.103	558	79.128	574
79.154	556	79.180	567
79.204	550	79.230	563
79.255	544	79.281	567
79.306	536	79.331	568
79.357	535	79.382	566
79.407	534	79.433	569
79.458	527	79.484	573
79.508	514	79.534	575
79.560	519	79.585	577
79.610	519	79.635	587
79.661	516	79.687	591
79.711	519	79.737	595
79.762	520	79.788	599
79.812	522	79.838	602
79.864	525	79.889	605
79.914	533	79.939	607
79.965	539	79.991	613
80.015	546	80.041	601
80.066	551	80.092	602
80.117	556	80.142	604
80.168	558	80.193	601
80.218	560	80.244	596
80.269	567	80.295	593
80.319	563	80.345	588
80.371	569	80.396	588
80.421	568	80.446	580
80.472	563	80.498	576
80.522	557	80.548	575
80.573	551	80.599	576
80.624	545	80.649	571
80.675	542	80.700	567
80.725	533	80.750	567
80.776	527	80.802	577
80.826	524	80.852	580
80.877	519	80.903	582
80.928	517	80.953	585
80.979	514	81.004	585
81.029	513	81.055	590
81.080	517	81.106	592
81.130	515	81.156	595
81.182	527	81.207	599
81.232	527	81.257	601
81.283	532	81.309	603
81.333	537	81.359	601
81.384	542	81.410	602
81.435	553	81.460	599
81.486	555	81.511	597
81.536	559	81.561	598
81.587	565	81.613	598
81.637	566	81.663	591
81.688	567	81.714	587
81.739	574	81.764	585
81.790	569	81.815	582
81.841	571	81.866	580
81.891	559	81.917	580
81.942	556	81.967	576
81.993	548	82.018	576
82.044	545	82.068	575
82.094	535	82.120	571
82.145	529	82.170	575
82.195	524	82.221	576
82.247	519	82.271	581
82.297	512	82.322	586
82.348	513	82.372	584
82.398	512	82.424	594
82.449	513	82.474	591
82.499	516	82.525	589
82.551	519	82.575	594
82.601	527	82.626	597
82.652	526	82.677	599
82.702	535	82.728	595
82.753	535	82.778	599
82.804	546	82.829	597
82.855	556	82.879	600
82.905	559	82.931	596
82.956	565	82.981	591
83.006	566	83.032	592
83.058	569	83.082	587
83.108	568	83.133	593
83.159	567	83.184	582
83.209	563	83.235	576
83.260	561	83.285	582
83.310	559	83.336	581
83.362	552	83.386	581
83.412	551	83.437	578
83.463	539	83.488	581
83.513	535	83.539	580
83.564	525	83.589	580
83.615	520	83.640	582
83.666	517	83.690	577
83.716	514	83.742	580
83.767	512	83.792	588
83.817	515	83.843	591
83.869	514	83.893	592
83.919	517	83.944	594
83.970	519	83.995	591
84.020	526	84.046	593
84.071	532	84.096	595
84.121	537	84.147	594
84.173	548	84.197	596
84.223	559	84.248	594
84.274	558	84.299	593
84.324	562	84.350	588
84.375	568	84.400	591
84.426	569	84.451	591
84.477	570	84.501	592
84.527	569	84.553	586
84.578	566	84.603	579
84.628	562	84.654	585
84.680	557	84.704	589
84.730	544	84.755	579
84.781	546	84.806	584
84.831	540	84.857	583
84.882	529	84.908	576
84.932	522	84.958	584
84.984	522	85.009	586
85.034	521	85.059	588
85.085	517	85.111	586
85.135	513	85.161	586
85.186	512	85.212	589
85.237	514	85.262	590
85.288	518	85.313	587
85.338	520	85.364	593
85.389	525	85.415	587
85.439	534	85.465	592
85.491	537	85.516	592
85.541	544	85.566	590
85.592	552	85.618	590
85.642	555	85.668	589
85.693	560	85.719	592
85.744	569	85.769	589
85.795	564	85.820	587
85.845	572	85.870	588
85.896	565	85.922	592
85.946	566	85.972	583
85.997	557	86.023	581
86.048	560	86.073	589
86.099	553	86.124	589
86.149	548	86.175	585
86.200	541	86.226	585
86.250	529	86.276	596
86.302	528	86.327	586
86.352	525	86.377	586
86.403	519	86.429	588
86.453	518	86.479	592
86.504	521	86.530	586
86.555	508	86.580	588
86.606	514	86.631	587
86.656	513	86.681	586
86.707	517	86.733	587
86.757	532	86.783	584
86.808	530	86.834	595
86.859	536	86.884	589
86.910	541	86.935	586
86.960	548	86.986	579
87.011	551	87.037	584
87.061	557	87.087	586
87.113	562	87.138	586
87.163	566	87.188	587
87.214	567	87.240	589
87.264	567	87.290	589
87.315	561	87.341	586
87.366	560	87.391	591
87.417	556	87.442	588
87.467	550	87.492	591
87.518	548	87.544	592
87.568	547	87.594	592
87.619	536	87.645	594
87.670	532	87.695	591
87.721	526	87.746	590
87.771	522	87.797	587
87.822	518	87.848	590
87.872	516	87.898	587
87.924	524	87.949	586
87.974	520	87.999	585
88.025	515	88.051	584
88.075	519	88.101	585
88.126	526	88.152	584
88.177	527	88.202	582
88.228	533	88.253	583
88.278	540	88.304	580
88.329	546	88.355	585
88.379	552	88.405	584
88.430	557	88.456	589
88.481	560	88.506	589
88.532	564	88.557	590
88.583	565	88.608	589
88.633	566	88.659	591
88.684	563	88.709	591
88.735	563	88.760	592
88.786	562	88.810	595
88.836	557	88.862	598
88.887	547	88.912	599
88.937	544	88.963	594
88.989	539	89.013	592
89.039	533	89.064	593
89.090	528	89.115	591
89.140	524	89.166	589
89.191	520	89.216	588
89.241	517	89.267	588
89.293	517	89.317	582
89.343	517	89.368	589
89.394	517	89.419	581
89.444	519	89.470	583
89.495	521	89.520	581
89.546	526	89.571	579
89.597	533	89.621	583
89.647	536	89.673	582
89.698	543	89.723	582
89.748	547	89.774	583
89.800	549	89.824	582
89.850	557	89.875	589
89.901	561	89.926	585
89.951	568	89.977	589
90.002	566	90.027	590
90.052	565	90.078	591
90.104	561	90.128	591
90.154	562	90.179	594
90.205	556	90.230	597
90.255	554	90.281	596
90.306	545	90.331	597
90.357	542	90.382	596
90.408	545	90.432	597
90.458	532	90.484	595
90.509	525	90.534	593
90.559	526	90.585	592
90.611	520	90.635	593
90.661	520	90.686	584
90.712	518	90.737	585
90.762	520	90.788	584
90.813	521	90.838	588
90.864	521	90.889	578
90.915	527	90.939	577
90.965	529	90.990	583
91.016	535	91.041	578
91.066	546	91.092	579
91.117	552	91.142	579
91.168	560	91.193	582
91.219	555	91.243	583
91.269	558	91.295	584
91.320	566	91.345	587
91.370	565	91.396	579
91.422	562	91.446	588
91.472	560	91.497	591
91.523	560	91.548	586
91.573	554	91.599	595
91.624	551	91.650	598
91.675	548	91.700	593
91.726	542	91.751	599
91.776	538	91.801	605
91.827	532	91.853	598
91.877	531	91.903	596
91.928	524	91.954	592
91.979	525	92.004	591
92.030	520	92.055	588
92.080	518	92.106	586
92.131	522	92.157	584
92.181	523	92.207	587
92.233	524	92.258	579
92.283	528	92.308	579
92.334	532	92.360	568
92.384	534	92.410	577
92.435	535	92.461	570
92.486	545	92.511	579
92.537	549	92.562	580
92.587	552	92.612	581
92.638	555	92.664	587
92.688	559	92.714	582
92.739	557	92.765	588
92.790	552	92.815	591
92.841	560	92.866	594
92.891	560	92.917	596
92.942	556	92.968	601
92.992	552	93.018	600
93.044	550	93.069	598
93.094	542	93.119	600
93.145	538	93.171	602
93.195	538	93.221	599
93.246	529	93.272	592
93.297	529	93.322	597
93.348	525	93.373	593
93.398	527	93.424	599
93.449	523	93.475	592
93.499	522	93.525	580
93.550	520	93.576	582
93.601	526	93.626	578
93.652	529	93.677	577
93.702	533	93.728	575
93.753	537	93.779	578
93.803	541	93.829	572
93.855	544	93.880	571
93.905	547	93.930	579
93.956	549	93.982	582
94.006	553	94.032	579
94.057	555	94.083	584
94.108	557	94.133	590
94.159	557	94.184	591
94.209	553	94.235	595
94.260	557	94.286	596
94.310	552	94.336	598
94.361	553	94.387	597
94.412	549	94.437	600
94.463	544	94.488	606
94.513	541	94.539	603
94.564	539	94.590	604
94.614	534	94.640	602
94.666	530	94.691	592
94.716	531	94.741	590
94.767	526	94.793	592
94.817	525	94.843	583
94.868	526	94.894	585
94.919	526	94.944	584
94.970	529	94.995	578
95.020	534	95.046	577
95.071	530	95.097	575
95.121	532	95.147	574
95.172	536	95.198	574
95.223	540	95.248	577
95.274	545	95.299	578
95.324	549	95.350	577
95.375	550	95.401	584
95.425	550	95.451	581
95.477	554	95.502	588
95.527	556	95.552	594
95.578	555	95.604	593
95.628	555	95.654	595
95.679	553	95.705	599
95.730	549	95.755	600
95.781	549	95.806	605
95.831	545	95.857	603
95.882	541	95.908	603
95.932	542	95.958	603
95.984	535	96.009	603
96.034	529	96.059	599
96.085	531	96.110	595
96.135	529	96.161	586
96.186	527	96.212	587
96.236	531	96.262	593
96.288	525	96.313	588
96.338	529	96.363	587
96.389	531	96.415	575
96.439	534	96.465	574
96.490	536	96.516	574
96.541	541	96.566	573
96.592	547	96.617	572
96.642	542	96.668	578
96.693	542	96.719	576
96.743	549	96.769	579
96.795	548	96.820	582
96.845	552	96.870	581
96.896	553	96.921	594
96.946	551	96.972	589
96.997	552	97.023	596
97.047	551	97.073	597
97.099	550	97.124	603
97.149	547	97.174	604
97.200	546	97.226	604
97.250	543	97.276	602
97.301	544	97.327	605
97.352	535	97.377	602
97.403	529	97.428	599
97.453	536	97.479	597
97.504	534	97.530	594
97.554	531	97.580	589
97.606	530	97.631	586
97.656	530	97.681	581
97.707	528	97.732	579
97.757	532	97.783	574
97.808	531	97.834	566
97.858	531	97.884	572
97.910	535	97.935	574
97.960	535	97.985	572
98.011	544	98.037	573
98.061	547	98.087	575
98.112	547	98.138	577
98.163	545	98.188	583
98.214	552	98.239	590
98.264	554	98.290	585
98.315	549	98.341	594
98.365	541	98.391	593
98.417	549	98.442	600
98.467	548	98.492	596
98.518	546	98.544	605
98.568	544	98.594	606
98.619	546	98.645	608
98.669	540	98.695	604
98.721	542	98.746	601
98.771	537	98.796	600
98.822	535	98.848	598
98.872	534	98.898	596
98.923	533	98.949	592
98.974	535	98.999	587
99.025	534	99.050	584
99.075	533	99.101	581
99.126	534	99.152	578
99.176	535	99.202	578
99.228	535	99.253	570
99.278	539	99.303	575
99.329	539	99.355	574
99.379	537	99.405	574
99.430	546	99.456	571
99.480	544	99.506	574
99.532	545	99.557	579
99.582	548	99.607	587
99.633	545	99.659	584
99.683	552	99.709	589
99.734	544	99.760	594
99.785	538	99.810	597
99.836	549	99.861	604
99.886	546	99.912	603
99.937	545	99.963	602
99.987	542	100.013	604
100.039	542	100.064	612
100.089	539	100.114	606
100.140	537	100.166	601
100.190	538	100.216	593
100.241	537	100.267	597
100.291	535	100.317	593
100.343	533	100.368	587
100.393	537	100.418	585
100.444	539	100.470	581
100.494	531	100.520	579
100.545	526	100.571	573
100.596	535	100.621	574
100.647	537	100.672	573
100.697	540	100.723	570
100.748	540	100.774	573
100.798	540	100.824	573
100.850	543	100.875	573
100.900	544	100.925	580
100.951	545	100.977	582
101.001	548	101.027	585
101.052	546	101.078	590
101.102	546	101.128	594
101.154	545	101.179	596
101.205	541	101.229	598
101.255	538	101.281	602
101.306	544	101.331	602
101.356	549	101.382	604
101.408	542	101.432	604
101.458	541	101.483	604
101.509	539	101.534	602
101.559	538	101.585	601
101.610	537	101.635	601
101.661	538	101.686	589
101.712	538	101.736	596
101.762	539	101.788	585
101.813	537	101.838	582
101.863	538	101.889	576
101.915	542	101.939	577
101.965	537	101.990	574
102.016	543	102.040	572
102.066	540	102.092	573
102.117	542	102.142	575
102.167	540	102.193	573
102.219	542	102.243	581
102.269	538	102.294	579
102.320	542	102.345	576
102.370	542	102.396	592
102.421	542	102.446	588
102.472	543	102.497	596
102.523	543	102.547	596
102.573	542	102.599	599
102.624	543	102.649	602
102.674	547	102.700	601
102.726	536	102.750	594
102.776	537	102.801	598
102.827	538	102.851	602
102.877	543	102.903	602
102.928	538	102.953	600
102.978	542	103.004	595
103.030	541	103.054	593
103.080	540	103.105	598
103.131	539	103.156	591
103.181	540	103.207	583
103.232	541	103.257	580
