#Creator: pendulumviewEventBuffer
#Creation time: Sat Apr 16 18:07:12 2011
#Time A	Pos A	Time B	Pos B
#[s]	[au]	[s]	[au]
0.025	548	0.051	401
0.075	549	0.101	401
0.127	547	0.152	399
0.177	553	0.202	402
0.228	556	0.254	402
0.278	544	0.304	401
0.329	548	0.355	398
0.380	550	0.405	404
0.431	548	0.456	404
0.481	549	0.507	396
0.532	549	0.558	409
0.582	551	0.608	408
0.634	548	0.659	414
0.684	550	0.709	441
0.735	554	0.760	471
0.785	547	0.811	506
0.836	550	0.862	542
0.886	548	0.912	576
0.938	554	0.963	611
0.988	549	1.013	650
1.039	552	1.065	673
1.089	555	1.115	696
1.140	556	1.166	712
1.191	559	1.216	717
1.242	560	1.267	713
1.293	562	1.318	706
1.343	564	1.369	688
1.394	564	1.419	665
1.445	567	1.470	637
1.496	569	1.520	605
1.546	569	1.572	568
1.597	567	1.622	533
1.647	567	1.673	498
1.698	561	1.723	472
1.749	559	1.774	442
1.800	561	1.824	423
1.850	559	1.876	412
1.901	549	1.926	404
1.951	546	1.977	419
2.003	542	2.027	426
2.053	538	2.078	446
2.104	537	2.129	468
2.154	533	2.180	497
2.205	538	2.230	526
2.256	531	2.281	566
2.307	526	2.331	599
2.357	530	2.383	628
2.408	536	2.433	660
2.458	540	2.484	688
2.509	546	2.534	700
2.560	553	2.585	713
2.611	558	2.635	711
2.661	562	2.687	699
2.712	571	2.737	693
2.762	575	2.788	669
2.814	579	2.838	645
2.864	583	2.889	616
2.915	583	2.940	582
2.965	584	2.991	547
3.016	585	3.041	514
3.067	579	3.092	483
3.118	576	3.142	456
3.168	573	3.194	436
3.219	562	3.244	425
3.269	555	3.295	414
3.320	547	3.345	414
3.371	541	3.396	420
3.422	532	3.446	439
3.472	528	3.498	462
3.523	518	3.548	486
3.573	520	3.599	518
3.625	517	3.649	552
3.675	511	3.700	584
3.726	516	3.751	615
3.776	525	3.802	646
3.827	525	3.852	669
3.878	532	3.903	687
3.929	543	3.953	702
3.979	552	4.005	701
4.030	561	4.055	701
4.080	574	4.106	692
4.132	583	4.156	677
4.182	590	4.207	649
4.233	601	4.258	623
4.283	600	4.309	595
4.334	601	4.360	558
4.384	604	4.410	528
4.436	599	4.461	497
4.486	589	4.511	472
4.537	578	4.563	450
4.587	578	4.613	433
4.638	558	4.664	424
4.689	549	4.714	422
4.740	540	4.765	428
4.790	528	4.816	439
4.841	521	4.867	450
4.891	510	4.917	480
4.943	503	4.968	507
4.993	498	5.018	541
5.044	498	5.069	569
5.094	494	5.120	602
5.145	505	5.171	630
5.195	512	5.221	654
5.247	528	5.272	673
5.297	525	5.322	687
5.348	549	5.374	693
5.398	560	5.424	692
5.449	573	5.475	686
5.500	588	5.525	675
5.551	598	5.576	654
5.601	608	5.627	629
5.652	612	5.678	604
5.702	622	5.728	573
5.754	614	5.779	545
5.804	613	5.829	513
5.855	610	5.880	487
5.905	597	5.931	465
5.956	586	5.982	449
6.006	571	6.032	436
6.058	557	6.083	433
6.108	545	6.133	434
6.159	530	6.185	437
6.209	513	6.235	459
6.260	501	6.286	477
6.311	493	6.336	510
6.362	487	6.387	530
6.412	483	6.438	558
6.463	485	6.489	588
6.513	489	6.539	614
6.565	500	6.590	644
6.615	508	6.640	658
6.666	514	6.692	672
6.716	538	6.742	680
6.767	559	6.793	681
6.817	577	6.843	679
6.869	586	6.894	670
6.919	601	6.944	657
6.970	614	6.996	634
7.020	619	7.046	613
7.071	625	7.097	586
7.122	628	7.147	559
7.173	629	7.198	531
7.223	617	7.249	504
7.274	612	7.300	483
7.324	588	7.350	465
7.376	583	7.401	453
7.426	570	7.451	447
7.477	541	7.503	449
7.527	532	7.553	452
7.578	507	7.604	468
7.628	498	7.654	482
7.680	484	7.705	500
7.730	475	7.755	523
7.781	471	7.807	553
7.831	475	7.857	576
7.882	474	7.908	599
7.933	483	7.958	621
7.984	500	8.009	644
8.034	508	8.060	656
8.085	523	8.111	664
8.135	549	8.161	671
8.187	561	8.212	669
8.237	594	8.262	661
8.288	603	8.314	650
8.338	618	8.364	632
8.389	635	8.415	612
8.439	639	8.465	589
8.491	645	8.516	560
8.541	642	8.566	537
8.592	636	8.618	520
8.642	626	8.668	498
8.693	614	8.719	483
8.744	595	8.769	470
8.795	571	8.820	462
8.845	554	8.871	459
8.896	540	8.922	462
8.946	517	8.972	471
8.998	491	9.023	484
9.048	471	9.073	498
9.099	464	9.125	519
9.149	456	9.175	549
9.200	459	9.226	564
9.250	462	9.276	582
9.302	470	9.327	605
9.352	481	9.377	623
9.403	496	9.429	641
9.453	514	9.479	651
9.504	536	9.530	656
9.555	558	9.580	660
9.606	580	9.631	653
9.656	599	9.682	643
9.707	623	9.733	630
9.757	635	9.783	610
9.809	648	9.834	593
9.859	654	9.884	575
9.910	655	9.936	554
9.960	650	9.986	536
10.011	641	10.037	518
10.061	623	10.087	493
10.113	608	10.138	487
10.163	588	10.188	479
10.214	564	10.240	475
10.264	543	10.290	476
10.315	519	10.341	481
10.366	502	10.391	487
10.417	472	10.442	502
10.468	464	10.493	523
10.518	452	10.544	536
10.569	449	10.594	557
10.620	451	10.645	581
10.671	454	10.695	589
10.721	468	10.747	606
10.772	483	10.797	622
10.822	503	10.848	633
10.874	525	10.898	640
10.924	551	10.949	642
10.975	575	10.999	642
11.025	597	11.051	634
11.076	620	11.101	623
11.126	647	11.152	610
11.178	657	11.202	596
11.228	665	11.253	580
11.279	664	11.304	562
11.329	660	11.355	548
11.380	654	11.405	531
11.431	635	11.456	517
11.482	620	11.506	499
11.532	599	11.558	495
11.583	574	11.608	488
11.633	550	11.659	494
11.685	520	11.709	492
11.735	500	11.760	498
11.786	483	11.810	509
11.836	462	11.862	522
11.887	451	11.912	535
11.937	438	11.963	551
11.989	444	12.013	564
12.039	447	12.064	581
12.090	459	12.115	595
12.140	472	12.166	612
12.191	490	12.216	618
12.242	515	12.267	622
12.293	540	12.317	617
12.343	568	12.369	629
12.394	592	12.419	620
12.444	615	12.470	615
12.496	634	12.520	605
12.546	652	12.571	596
12.597	663	12.621	583
12.647	663	12.673	568
12.698	671	12.723	557
12.748	662	12.774	543
12.800	649	12.824	530
12.850	639	12.875	522
12.901	611	12.926	509
12.951	590	12.977	510
13.002	561	13.027	510
13.053	533	13.078	510
13.104	506	13.128	512
13.154	479	13.180	518
13.205	465	13.230	526
13.255	447	13.281	537
13.307	438	13.331	548
13.357	437	13.382	559
13.408	437	13.432	571
13.458	442	13.484	582
13.509	461	13.535	591
13.559	480	13.585	601
13.611	504	13.636	608
13.661	530	13.686	603
13.712	558	13.738	607
13.762	584	13.788	607
13.813	608	13.839	604
13.864	636	13.889	599
13.915	648	13.940	590
13.965	662	13.991	588
14.016	672	14.042	576
14.066	677	14.092	563
14.118	672	14.143	555
14.168	656	14.193	546
14.219	643	14.245	540
14.269	622	14.295	537
14.320	598	14.346	517
14.370	573	14.396	525
14.422	542	14.447	532
14.472	516	14.497	526
14.523	489	14.549	529
14.573	468	14.599	535
14.624	454	14.650	541
14.675	440	14.700	547
14.726	435	14.751	555
14.776	429	14.802	563
14.827	441	14.853	571
14.877	456	14.903	575
14.929	475	14.954	581
14.979	494	15.004	586
15.030	517	15.056	588
15.080	546	15.106	588
15.131	572	15.157	594
15.181	601	15.207	587
15.233	625	15.258	588
15.283	653	15.308	585
15.334	663	15.360	578
15.384	675	15.410	571
15.435	672	15.461	568
15.486	673	15.511	562
15.537	662	15.562	555
15.587	648	15.613	551
15.638	629	15.664	547
15.688	607	15.714	536
15.740	582	15.765	542
15.790	556	15.815	540
15.841	526	15.867	545
15.891	498	15.917	546
15.942	477	15.968	540
15.992	456	16.018	548
16.044	445	16.069	550
16.094	435	16.119	556
16.145	432	16.171	552
16.195	439	16.221	562
16.246	446	16.272	565
16.297	460	16.322	566
16.348	480	16.373	571
16.398	504	16.424	573
16.449	535	16.475	571
16.499	563	16.525	575
16.551	590	16.576	571
16.601	618	16.626	568
16.652	641	16.678	568
16.702	657	16.728	571
16.753	675	16.779	573
16.804	672	16.829	570
16.855	674	16.880	568
16.905	669	16.930	565
16.956	656	16.982	563
17.006	633	17.032	562
17.057	618	17.083	556
17.108	591	17.133	563
17.159	564	17.184	565
17.209	536	17.235	563
17.260	509	17.286	554
17.310	481	17.336	557
17.362	463	17.387	556
17.412	448	17.437	561
17.463	446	17.489	558
17.513	430	17.539	557
17.564	430	17.590	558
17.615	447	17.640	558
17.666	465	17.691	557
17.716	473	17.741	558
17.767	501	17.793	560
17.817	526	17.843	558
17.868	554	17.894	557
17.919	579	17.944	554
17.970	607	17.995	562
18.021	631	18.046	558
18.071	650	18.097	567
18.122	665	18.147	567
18.173	673	18.198	571
18.224	676	18.248	569
18.274	671	18.300	570
18.325	661	18.350	573
18.375	646	18.401	574
18.427	628	18.451	573
18.477	604	18.502	575
18.528	572	18.552	574
18.578	546	18.604	568
18.629	519	18.654	573
18.679	494	18.705	569
18.731	472	18.755	566
18.781	455	18.806	561
18.832	444	18.857	562
18.882	436	18.908	557
18.933	435	18.958	553
18.984	434	19.009	551
19.035	453	19.059	549
19.085	470	19.111	545
19.136	491	19.161	546
19.186	522	19.212	544
19.238	544	19.262	544
19.288	569	19.313	544
19.339	595	19.364	554
19.389	618	19.415	552
19.440	641	19.465	563
19.490	656	19.516	551
19.542	667	19.566	562
19.592	679	19.617	573
19.643	669	19.668	574
19.693	665	19.719	575
19.744	644	19.769	582
19.795	631	19.820	587
19.846	605	19.870	587
19.896	588	19.922	590
19.947	562	19.972	589
19.997	528	20.023	589
20.049	504	20.073	580
20.099	482	20.124	576
20.150	464	20.175	573
20.200	452	20.226	567
20.251	442	20.276	563
20.301	440	20.327	557
20.353	442	20.377	547
20.403	454	20.428	543
20.454	471	20.479	537
20.504	487	20.530	534
20.555	506	20.580	532
20.606	539	20.631	529
20.657	559	20.681	531
20.707	585	20.733	536
20.758	610	20.783	536
20.808	635	20.834	544
20.860	647	20.884	553
20.910	659	20.935	562
20.961	665	20.986	568
21.011	666	21.037	571
21.062	662	21.088	583
21.112	647	21.138	590
21.164	633	21.189	598
21.214	610	21.239	600
21.265	585	21.291	602
21.315	562	21.341	601
21.366	539	21.392	600
21.417	516	21.442	596
21.468	495	21.493	595
21.518	473	21.544	583
21.569	460	21.595	579
21.619	450	21.645	562
21.671	446	21.696	560
21.721	447	21.746	545
21.772	453	21.798	538
21.822	463	21.848	531
21.873	484	21.899	525
21.924	501	21.949	522
21.975	522	22.000	518
22.025	548	22.050	519
22.076	574	22.102	523
22.126	599	22.152	527
22.177	619	22.203	536
22.228	637	22.253	542
22.279	650	22.304	560
22.329	653	22.355	562
22.380	659	22.406	575
22.430	656	22.456	592
22.482	649	22.507	597
22.532	631	22.557	603
22.583	622	22.609	611
22.633	597	22.659	613
22.684	573	22.710	613
22.735	550	22.760	612
22.786	532	22.811	609
22.836	504	22.861	602
22.887	486	22.913	599
22.937	473	22.963	589
22.988	460	23.014	571
23.039	454	23.064	561
23.090	450	23.115	552
23.140	458	23.166	536
23.191	467	23.217	525
23.241	481	23.267	517
23.293	500	23.318	511
23.343	515	23.368	507
23.394	544	23.420	507
23.444	564	23.470	508
23.495	584	23.521	518
23.546	604	23.571	524
23.597	625	23.622	532
23.647	640	23.672	545
23.698	648	23.724	563
23.748	651	23.774	570
23.799	649	23.825	576
23.850	644	23.875	593
23.901	640	23.926	617
23.951	616	23.977	619
24.002	600	24.028	623
24.052	583	24.078	625
24.104	557	24.129	624
24.154	537	24.179	626
24.205	518	24.231	614
24.255	494	24.281	613
24.306	483	24.332	594
24.357	471	24.382	577
24.408	464	24.433	557
24.458	461	24.484	559
24.509	462	24.535	535
24.559	469	24.585	522
24.610	489	24.636	511
24.661	500	24.686	505
24.712	516	24.737	499
24.763	536	24.788	498
24.813	559	24.839	498
24.864	578	24.889	502
24.915	589	24.940	513
24.966	609	24.990	522
25.016	626	25.042	536
25.067	634	25.092	552
25.117	642	25.143	569
25.169	642	25.193	585
25.219	638	25.244	596
25.270	629	25.295	614
25.320	620	25.346	625
25.371	601	25.396	630
25.421	583	25.447	635
25.473	557	25.497	636
25.523	552	25.548	632
25.574	537	25.599	624
25.624	516	25.650	616
25.675	494	25.700	604
25.726	483	25.751	589
25.777	476	25.801	566
25.827	472	25.853	557
25.878	473	25.903	542
25.928	477	25.954	523
25.980	490	26.004	506
26.030	499	26.055	492
26.081	513	26.106	490
26.131	530	26.157	490
26.182	551	26.207	488
26.232	562	26.258	492
26.284	588	26.308	502
26.334	599	26.359	512
26.385	608	26.410	526
26.435	624	26.461	544
26.486	630	26.511	559
26.537	630	26.562	573
26.588	632	26.612	599
26.638	623	26.664	610
26.689	613	26.714	626
26.739	602	26.765	633
26.791	584	26.815	641
26.841	569	26.866	645
26.892	552	26.917	643
26.942	534	26.968	642
26.993	517	27.018	628
27.044	513	27.069	614
27.095	495	27.119	598
27.145	487	27.170	581
27.196	482	27.221	572
27.246	482	27.272	547
27.297	486	27.322	528
27.348	494	27.373	519
27.399	498	27.423	497
27.449	509	27.475	492
27.500	526	27.525	480
27.550	542	27.576	480
27.602	558	27.626	482
27.652	578	27.677	490
27.703	583	27.728	502
27.753	596	27.779	516
27.804	610	27.830	535
27.855	615	27.880	556
27.906	619	27.931	570
27.956	616	27.981	594
28.007	610	28.033	610
28.057	606	28.083	625
28.108	597	28.134	638
28.159	585	28.184	648
28.210	573	28.235	651
28.260	562	28.286	651
28.311	543	28.337	647
28.361	530	28.387	638
28.413	524	28.438	623
28.463	512	28.488	609
28.514	499	28.540	589
28.564	496	28.590	570
28.615	494	28.641	549
28.666	494	28.691	529
28.717	499	28.742	505
28.767	506	28.792	498
28.818	514	28.844	485
28.868	527	28.894	476
28.919	537	28.945	475
28.970	553	28.995	477
29.021	563	29.046	485
29.071	568	29.097	492
29.122	592	29.148	502
29.172	595	29.198	522
29.224	594	29.249	545
29.274	606	29.299	566
29.325	607	29.351	589
29.375	605	29.401	606
29.426	598	29.452	619
29.477	591	29.502	641
29.528	586	29.553	653
29.578	571	29.604	656
29.629	555	29.655	657
29.679	551	29.705	655
29.730	538	29.756	647
29.781	525	29.806	635
29.832	513	29.857	617
29.882	513	29.908	597
29.933	504	29.959	578
29.983	504	30.009	559
30.035	504	30.060	535
30.085	508	30.110	521
30.136	515	30.162	502
30.186	519	30.212	481
30.237	528	30.263	479
30.288	537	30.313	469
30.339	547	30.364	470
30.389	558	30.415	474
30.440	563	30.466	485
30.490	575	30.516	500
30.541	581	30.567	519
30.592	586	30.617	535
30.643	584	30.668	560
30.693	589	30.719	578
30.744	592	30.770	601
30.794	589	30.820	621
30.846	584	30.871	635
30.896	579	30.921	653
30.947	569	30.973	666
30.997	559	31.023	664
31.048	553	31.074	659
31.099	547	31.124	656
31.150	537	31.175	641
31.200	530	31.226	626
31.251	520	31.277	608
31.301	520	31.327	589
31.352	515	31.378	564
31.403	518	31.428	543
31.454	520	31.479	521
31.504	523	31.530	505
31.555	526	31.581	493
31.605	535	31.631	468
31.657	540	31.682	466
31.707	545	31.732	468
31.758	551	31.784	469
31.808	560	31.834	480
31.859	565	31.885	492
31.910	569	31.935	507
31.961	573	31.986	528
32.011	572	32.037	549
32.062	579	32.088	571
32.112	578	32.138	594
32.164	578	32.189	614
32.214	576	32.239	636
32.265	571	32.290	648
32.315	567	32.341	655
32.366	561	32.392	666
32.416	556	32.442	664
32.468	551	32.493	659
32.518	544	32.543	650
32.569	547	32.595	633
32.619	535	32.645	623
32.670	540	32.696	593
32.721	526	32.746	575
32.772	536	32.797	549
32.822	534	32.848	531
32.873	535	32.899	507
32.923	535	32.949	492
32.975	542	33.000	479
33.025	543	33.050	468
33.076	545	33.101	467
33.126	551	33.152	462
33.177	553	33.203	478
33.227	559	33.253	480
33.279	553	33.304	505
33.329	564	33.354	519
33.380	560	33.406	538
33.430	569	33.456	563
33.481	567	33.507	583
33.532	569	33.557	608
33.583	568	33.608	625
33.633	564	33.659	642
33.684	563	33.710	649
33.734	559	33.760	660
33.786	554	33.811	659
33.836	555	33.861	653
33.887	552	33.912	657
33.937	550	33.963	637
33.988	545	34.014	625
34.038	547	34.064	604
34.090	541	34.115	583
34.140	541	34.165	559
34.191	553	34.217	537
34.241	538	34.267	517
34.292	550	34.318	494
34.343	544	34.368	483
34.394	550	34.419	471
34.444	549	34.470	468
34.495	549	34.521	468
34.545	549	34.571	461
34.597	551	34.622	482
34.647	557	34.672	500
34.698	554	34.724	509
34.748	553	34.774	532
34.799	554	34.825	549
34.849	551	34.875	578
34.901	551	34.926	597
34.951	558	34.976	619
35.002	560	35.028	636
35.052	554	35.078	650
35.103	558	35.129	657
35.154	555	35.179	662
35.205	556	35.230	661
35.255	555	35.281	654
35.306	556	35.332	642
35.356	556	35.382	618
35.408	557	35.433	607
35.458	558	35.483	593
35.509	553	35.535	568
35.559	556	35.585	545
35.610	554	35.636	524
35.660	551	35.686	505
35.712	552	35.737	492
35.762	556	35.787	486
35.813	551	35.839	470
35.863	552	35.889	470
35.914	548	35.940	474
35.965	548	35.990	482
36.016	547	36.041	494
36.066	543	36.092	508
36.117	544	36.143	525
36.167	545	36.193	548
36.219	543	36.244	571
36.269	543	36.294	591
36.320	543	36.346	610
36.370	541	36.396	628
36.421	541	36.447	643
36.471	545	36.497	653
36.523	549	36.548	658
36.573	555	36.598	659
36.624	558	36.650	655
36.674	561	36.700	645
36.725	563	36.751	630
36.777	564	36.801	619
36.827	567	36.852	592
36.878	564	36.903	588
36.928	567	36.954	553
36.979	564	37.004	533
37.030	568	37.055	515
37.081	564	37.105	499
37.131	554	37.157	486
37.182	559	37.207	476
37.232	549	37.258	472
37.284	545	37.308	473
37.334	543	37.359	479
37.385	547	37.409	482
37.435	537	37.461	503
37.486	534	37.511	522
37.536	534	37.562	540
37.588	532	37.612	561
37.638	532	37.663	588
37.689	534	37.714	602
37.739	537	37.765	619
37.790	537	37.815	634
37.841	544	37.866	646
37.892	540	37.916	654
37.942	557	37.968	655
37.993	561	38.018	654
38.043	561	38.069	645
38.095	568	38.119	637
38.145	571	38.170	619
38.196	574	38.220	601
38.246	575	38.272	582
38.297	576	38.322	563
38.347	576	38.373	541
38.399	576	38.423	517
38.449	574	38.474	507
38.500	574	38.525	494
38.550	565	38.576	483
38.601	553	38.626	478
38.652	554	38.677	482
38.703	545	38.727	482
38.753	536	38.779	490
38.804	536	38.829	500
38.854	526	38.880	510
38.906	522	38.930	536
38.956	521	38.981	560
39.007	517	39.031	569
39.057	523	39.083	592
39.108	525	39.133	612
39.158	528	39.184	626
39.210	532	39.234	639
39.260	541	39.285	649
39.311	544	39.336	650
39.361	554	39.387	648
39.412	555	39.437	643
39.463	566	39.488	633
39.514	572	39.538	618
39.564	579	39.590	606
39.615	584	39.640	587
39.665	580	39.691	562
39.717	584	39.741	548
39.767	581	39.792	534
39.818	576	39.842	516
39.868	569	39.894	500
39.919	566	39.945	492
39.969	561	39.995	485
40.021	552	40.046	484
40.071	547	40.096	487
40.122	534	40.148	491
40.172	525	40.198	502
40.223	520	40.249	517
40.274	515	40.299	531
40.325	511	40.350	546
40.375	511	40.401	567
40.426	509	40.452	584
40.476	513	40.502	602
40.528	520	40.553	623
40.578	516	40.603	622
40.629	534	40.655	638
40.679	534	40.705	642
40.730	553	40.756	646
40.780	560	40.806	640
40.832	569	40.857	633
40.882	574	40.907	624
40.933	585	40.959	611
40.983	587	41.009	593
41.034	591	41.060	570
41.085	591	41.110	556
41.136	591	41.161	546
41.186	588	41.212	529
41.237	581	41.263	512
41.287	574	41.313	507
41.339	567	41.364	497
41.389	555	41.414	493
41.440	546	41.466	492
41.490	532	41.516	496
41.541	529	41.567	505
41.591	517	41.617	515
41.643	513	41.668	529
41.693	505	41.718	544
41.744	502	41.770	559
41.794	503	41.820	581
41.845	496	41.871	584
41.896	509	41.921	603
41.947	514	41.972	613
41.997	525	42.023	626
42.048	539	42.074	633
42.098	544	42.124	636
42.150	560	42.175	636
42.200	565	42.225	629
42.251	586	42.277	621
42.301	591	42.327	610
42.352	597	42.378	593
42.402	599	42.428	577
42.454	601	42.479	561
42.504	600	42.529	552
42.555	596	42.581	533
42.605	588	42.631	524
42.656	584	42.682	506
42.707	572	42.732	503
42.758	555	42.783	503
42.808	550	42.834	500
42.859	541	42.885	503
42.909	520	42.935	506
42.961	514	42.986	517
43.011	508	43.036	528
43.062	489	43.088	538
43.112	489	43.138	557
43.163	493	43.189	565
43.213	497	43.239	590
43.265	503	43.290	599
43.315	508	43.340	614
43.366	519	43.392	625
43.416	531	43.442	630
43.467	542	43.493	627
43.518	555	43.543	629
43.569	569	43.594	624
43.620	580	43.645	619
43.670	592	43.696	607
43.721	599	43.746	597
43.772	600	43.797	583
43.823	601	43.847	569
43.873	602	43.899	556
43.924	605	43.949	544
43.974	595	44.000	533
44.026	591	44.050	524
44.076	581	44.101	517
44.127	568	44.151	519
44.177	555	44.203	515
44.228	542	44.253	511
44.278	528	44.304	514
44.330	515	44.354	522
44.380	506	44.405	531
44.431	500	44.456	542
44.481	500	44.507	552
44.532	496	44.557	566
44.583	493	44.608	575
44.634	495	44.658	590
44.684	503	44.710	600
44.735	512	44.760	611
44.785	525	44.811	614
44.837	540	44.861	615
44.887	551	44.912	618
44.938	565	44.962	611
44.988	579	45.014	611
45.039	589	45.064	605
45.089	601	45.115	597
45.141	606	45.165	586
45.191	613	45.216	575
45.242	613	45.267	562
45.292	613	45.318	550
45.343	607	45.368	542
45.394	599	45.419	539
45.445	588	45.469	522
45.495	576	45.521	514
45.546	561	45.571	517
45.596	545	45.622	525
45.648	532	45.672	526
45.698	516	45.723	526
45.749	502	45.773	533
45.799	493	45.825	541
45.850	488	45.875	552
45.900	479	45.926	560
45.952	485	45.976	571
46.002	488	46.027	581
46.053	496	46.078	591
46.103	506	46.129	595
46.154	518	46.179	603
46.205	532	46.230	616
46.256	545	46.280	609
46.306	561	46.332	610
46.357	576	46.382	609
46.407	590	46.433	600
46.459	605	46.483	594
46.509	610	46.534	586
46.560	618	46.584	577
46.610	620	46.636	567
46.661	619	46.687	558
46.711	615	46.737	550
46.763	608	46.788	543
46.813	595	46.838	540
46.864	582	46.890	535
46.914	565	46.940	523
46.965	551	46.991	527
47.016	537	47.041	524
47.067	515	47.092	536
47.117	510	47.143	537
47.168	495	47.194	545
47.218	488	47.244	556
47.270	485	47.295	559
47.320	485	47.345	566
47.371	483	47.397	574
47.421	490	47.447	586
47.472	498	47.498	589
47.522	509	47.548	589
47.574	523	47.599	594
47.624	540	47.649	593
47.675	555	47.701	594
47.725	569	47.751	596
47.776	584	47.802	597
47.827	600	47.852	590
47.878	606	47.903	584
47.928	617	47.954	577
47.979	621	48.005	569
48.029	617	48.055	563
48.081	615	48.106	557
48.131	612	48.156	552
48.182	601	48.208	546
48.232	587	48.258	541
48.283	574	48.309	541
48.333	557	48.359	543
48.385	542	48.410	539
48.435	525	48.460	542
48.486	511	48.512	550
48.536	505	48.562	541
48.587	488	48.613	558
48.638	485	48.663	558
48.689	476	48.714	564
48.739	481	48.765	577
48.790	486	48.816	576
48.840	491	48.866	579
48.892	503	48.917	581
48.942	520	48.967	586
48.993	535	49.019	590
49.043	550	49.069	580
49.094	566	49.120	584
49.144	582	49.170	588
49.196	596	49.221	576
49.246	607	49.271	576
49.297	618	49.323	577
49.347	621	49.373	572
49.398	624	49.424	568
49.449	627	49.474	563
49.500	613	49.525	557
49.550	603	49.576	555
49.601	598	49.627	554
49.651	581	49.677	548
49.703	564	49.728	550
49.753	547	49.778	552
49.804	531	49.830	548
49.854	514	49.880	554
49.905	501	49.931	556
49.956	491	49.981	560
50.007	484	50.032	561
50.057	479	50.082	564
50.108	477	50.134	567
50.158	487	50.184	569
50.209	482	50.235	572
50.260	491	50.285	574
50.311	507	50.336	581
50.361	525	50.387	579
50.412	543	50.438	578
50.462	561	50.488	581
50.514	579	50.539	572
50.564	592	50.589	576
50.615	605	50.641	574
50.665	616	50.691	569
50.716	622	50.742	573
50.767	625	50.792	570
50.818	623	50.843	567
50.868	621	50.893	566
50.919	617	50.945	568
50.969	600	50.995	561
51.020	585	51.046	562
51.071	573	51.096	566
51.122	556	51.147	562
51.173	536	51.198	560
51.223	520	51.249	562
51.274	506	51.299	561
51.325	494	51.350	564
51.376	486	51.400	563
51.426	481	51.452	562
51.477	479	51.502	565
51.527	484	51.553	565
51.579	484	51.603	564
51.629	499	51.654	567
51.680	504	51.704	567
51.730	526	51.756	572
51.781	538	51.806	569
51.831	558	51.857	567
51.883	572	51.907	560
51.933	587	51.958	572
51.984	602	52.009	568
52.034	612	52.060	569
52.085	619	52.110	566
52.136	622	52.161	568
52.187	624	52.211	569
52.237	620	52.263	569
52.288	613	52.313	570
52.338	602	52.364	569
52.390	590	52.414	570
52.440	573	52.465	570
52.491	555	52.516	570
52.541	544	52.567	570
52.592	525	52.617	568
52.642	512	52.668	564
52.694	499	52.718	570
52.744	490	52.769	572
52.795	480	52.820	554
52.845	480	52.871	560
52.896	480	52.921	561
52.947	489	52.972	562
52.998	495	53.022	560
53.048	508	53.074	563
53.099	517	53.124	556
53.149	534	53.175	559
53.201	550	53.225	558
53.251	565	53.276	563
53.302	583	53.327	565
53.352	595	53.378	562
53.403	607	53.428	565
53.453	612	53.479	571
53.505	627	53.529	568
53.555	623	53.580	574
53.606	620	53.631	573
53.656	615	53.682	575
53.707	604	53.732	577
53.758	592	53.783	577
53.809	581	53.833	577
53.859	576	53.885	578
53.910	543	53.935	579
53.960	531	53.986	577
54.012	518	54.036	571
54.062	505	54.087	580
54.113	495	54.138	570
54.163	489	54.189	565
54.214	483	54.240	564
54.264	484	54.290	570
54.316	487	54.341	562
54.366	494	54.391	557
54.417	505	54.443	556
54.467	514	54.493	552
54.518	529	54.544	552
54.569	547	54.594	551
54.620	561	54.645	553
54.670	574	54.696	554
54.721	583	54.747	556
54.771	601	54.797	554
54.823	610	54.848	565
54.873	619	54.898	568
54.924	617	54.950	572
54.974	618	55.000	578
55.025	615	55.051	584
55.076	607	55.101	579
55.127	592	55.152	584
55.177	584	55.202	583
55.228	566	55.254	587
55.278	552	55.304	583
55.329	533	55.355	585
55.380	523	55.405	582
55.431	507	55.456	580
55.481	502	55.507	575
55.532	493	55.558	573
55.582	487	55.608	571
55.634	487	55.659	566
55.684	488	55.709	557
55.735	493	55.761	555
55.785	508	55.811	550
55.836	513	55.862	546
55.887	527	55.912	544
55.938	543	55.963	547
55.988	560	56.013	545
56.039	569	56.065	544
56.089	579	56.115	549
56.140	594	56.166	555
56.191	604	56.216	557
56.242	612	56.267	558
56.292	615	56.318	573
56.343	615	56.369	578
56.393	612	56.419	571
56.445	607	56.470	582
56.495	596	56.520	590
56.546	587	56.572	593
56.596	573	56.622	596
56.647	560	56.673	593
56.698	545	56.723	592
56.749	532	56.774	591
56.799	522	56.824	585
56.850	509	56.876	580
56.900	499	56.926	573
56.951	493	56.977	570
57.002	491	57.027	561
57.053	492	57.078	553
57.103	495	57.129	553
57.154	502	57.180	549
57.204	511	57.230	544
57.256	524	57.281	539
57.306	536	57.331	538
57.357	552	57.383	545
57.407	557	57.433	540
57.458	574	57.484	543
57.509	582	57.534	548
57.560	600	57.585	551
57.610	604	57.636	562
57.661	608	57.687	568
57.711	608	57.737	574
57.762	607	57.788	584
57.813	605	57.838	582
57.864	597	57.889	591
57.915	586	57.940	597
57.965	578	57.991	600
58.016	559	58.041	600
58.067	551	58.092	600
58.118	540	58.142	596
58.168	530	58.194	592
58.219	511	58.244	587
58.269	509	58.295	581
58.321	499	58.345	573
58.371	497	58.396	561
58.422	494	58.447	553
58.472	499	58.498	549
58.523	505	58.548	542
58.573	509	58.599	543
58.625	524	58.649	535
58.675	533	58.700	531
58.726	545	58.751	531
58.776	557	58.802	534
58.827	569	58.852	537
58.878	575	58.903	542
58.929	592	58.953	548
58.979	596	59.005	554
59.030	604	59.055	564
59.080	602	59.106	571
59.132	604	59.156	582
59.182	602	59.207	589
59.233	595	59.258	600
59.283	584	59.309	598
59.334	577	59.359	611
59.384	569	59.410	603
59.436	551	59.460	603
59.486	543	59.511	603
59.537	531	59.562	602
59.587	529	59.613	593
59.638	506	59.663	585
59.689	501	59.714	577
59.740	503	59.764	568
59.790	501	59.816	561
59.841	503	59.866	550
59.891	508	59.917	547
59.943	513	59.967	536
59.993	523	60.018	533
60.044	532	60.069	527
60.094	543	60.120	527
60.145	554	60.170	528
60.196	561	60.221	530
60.247	581	60.271	535
60.297	580	60.322	543
60.348	596	60.373	548
60.398	590	60.424	561
60.449	602	60.474	568
60.500	600	60.525	581
60.551	597	60.575	589
60.601	592	60.627	600
60.652	588	60.677	601
60.702	583	60.728	610
60.754	568	60.778	604
60.804	557	60.829	608
60.855	547	60.880	611
60.905	536	60.931	604
60.956	531	60.982	601
61.007	516	61.032	591
61.058	516	61.083	583
61.108	506	61.133	572
61.159	509	61.185	563
61.209	511	61.235	553
61.260	511	61.286	542
61.311	517	61.336	539
61.362	523	61.387	533
61.412	536	61.438	527
61.463	536	61.489	529
61.513	549	61.539	521
61.565	558	61.590	526
61.615	569	61.640	528
61.666	580	61.692	538
61.716	583	61.742	545
61.767	591	61.793	556
61.818	590	61.843	567
61.869	593	61.894	577
61.919	592	61.944	587
61.970	588	61.996	600
62.020	584	62.046	603
62.071	576	62.097	611
62.122	569	62.147	611
62.173	560	62.198	615
62.223	552	62.249	616
62.274	542	62.300	611
62.324	534	62.350	605
62.376	525	62.401	598
62.426	521	62.451	589
62.477	516	62.503	576
62.527	508	62.553	571
62.578	521	62.604	555
62.629	516	62.654	545
62.680	526	62.705	542
62.730	525	62.756	525
62.781	527	62.807	523
62.831	540	62.857	527
62.882	552	62.908	521
62.933	556	62.958	524
62.984	564	63.009	525
63.034	570	63.060	532
63.085	584	63.111	538
63.135	580	63.161	550
63.187	583	63.212	561
63.237	586	63.262	573
63.288	595	63.314	585
63.338	585	63.364	596
63.389	582	63.415	602
63.440	575	63.465	611
63.491	568	63.516	616
63.541	562	63.567	621
63.592	555	63.618	618
63.642	552	63.668	620
63.693	541	63.719	609
63.744	536	63.769	599
63.795	529	63.820	592
63.845	520	63.871	578
63.896	520	63.922	571
63.946	523	63.972	561
63.998	524	64.023	548
64.048	526	64.073	536
64.099	526	64.125	527
64.149	535	64.175	523
64.200	540	64.226	515
64.251	547	64.276	520
64.302	554	64.327	519
64.352	562	64.378	519
64.403	565	64.429	527
64.453	571	64.479	534
64.504	577	64.530	546
64.555	583	64.580	557
64.606	577	64.631	569
64.656	578	64.682	581
64.707	580	64.733	590
64.757	572	64.783	602
64.809	573	64.834	611
64.859	567	64.884	616
64.910	560	64.936	620
64.960	556	64.986	619
65.011	551	65.037	619
65.062	546	65.087	615
65.113	541	65.138	609
65.163	537	65.189	598
65.214	533	65.240	586
65.264	532	65.290	575
65.316	536	65.341	564
65.366	534	65.391	550
65.417	533	65.442	540
65.467	535	65.493	531
65.518	536	65.544	524
65.568	542	65.594	515
65.620	546	65.645	508
65.670	550	65.695	511
65.721	556	65.747	514
65.771	560	65.797	522
65.822	564	65.848	531
65.873	567	65.898	543
65.924	571	65.949	551
65.974	573	66.000	568
66.025	569	66.051	576
66.075	574	66.101	588
66.127	571	66.152	600
66.177	566	66.202	608
66.228	565	66.253	617
66.278	561	66.304	621
66.329	558	66.355	623
66.379	555	66.405	621
66.431	549	66.456	620
66.481	542	66.506	601
66.532	543	66.558	595
66.582	540	66.608	592
66.633	539	66.659	579
66.684	539	66.709	567
66.735	534	66.760	554
66.785	540	66.811	543
66.836	529	66.862	533
66.886	545	66.912	521
66.938	544	66.963	519
66.988	547	67.013	514
67.039	552	67.064	519
67.089	551	67.115	515
67.140	557	67.166	520
67.190	554	67.216	529
67.242	561	67.267	537
67.292	563	67.317	549
67.343	564	67.369	561
67.393	560	67.419	574
67.444	564	67.470	586
67.495	568	67.520	593
67.546	567	67.571	606
67.596	559	67.622	616
67.647	559	67.673	622
67.697	557	67.723	621
67.749	555	67.774	624
67.799	553	67.824	615
67.850	550	67.876	617
67.900	549	67.926	609
67.951	547	67.977	597
68.001	546	68.027	585
68.053	545	68.078	569
68.103	548	68.128	559
68.154	548	68.180	546
68.204	547	68.230	537
68.255	542	68.281	527
68.306	548	68.331	520
68.357	545	68.382	517
68.407	550	68.433	514
68.458	547	68.484	512
68.508	554	68.534	523
68.560	555	68.585	524
68.610	559	68.635	531
68.661	554	68.687	544
68.711	559	68.737	556
68.762	555	68.788	570
68.812	548	68.838	582
68.864	555	68.889	592
68.914	556	68.939	602
68.965	557	68.991	618
69.015	554	69.041	616
69.066	553	69.092	620
69.117	560	69.142	622
69.168	555	69.193	619
69.218	553	69.244	619
69.269	553	69.295	608
69.319	552	69.345	599
69.371	548	69.396	591
69.421	548	69.446	577
69.472	552	69.498	565
69.522	554	69.548	552
69.573	549	69.599	541
69.623	557	69.649	531
69.675	551	69.700	524
69.725	552	69.750	521
69.776	551	69.802	515
69.826	552	69.852	519
69.877	552	69.903	524
69.928	552	69.953	524
69.979	551	70.004	534
70.029	553	70.055	543
70.080	551	70.106	554
70.130	547	70.156	565
70.182	547	70.207	578
70.232	549	70.257	588
70.283	551	70.309	598
70.333	556	70.359	608
70.384	546	70.410	613
70.434	554	70.460	618
70.486	552	70.511	614
70.537	554	70.561	617
70.587	557	70.613	615
70.638	556	70.663	610
70.688	557	70.714	603
70.740	557	70.764	593
70.790	557	70.815	580
70.841	558	70.866	566
70.891	557	70.917	556
70.942	556	70.967	545
70.993	554	71.018	538
71.044	558	71.068	530
71.094	556	71.120	523
71.145	558	71.170	515
71.195	552	71.221	519
71.247	550	71.271	524
71.297	550	71.322	522
71.348	548	71.372	536
71.398	546	71.424	544
71.449	548	71.474	549
71.499	544	71.525	561
71.551	542	71.575	568
71.601	548	71.626	583
71.652	544	71.677	594
71.702	547	71.728	603
71.753	552	71.778	611
71.804	550	71.829	611
71.855	553	71.879	617
71.905	554	71.931	617
71.956	557	71.981	614
72.006	560	72.032	608
72.058	560	72.082	601
72.108	559	72.133	592
72.159	563	72.183	583
72.209	563	72.235	572
72.260	559	72.285	562
72.310	564	72.336	548
72.362	562	72.386	540
72.412	554	72.437	533
72.463	554	72.488	526
72.513	556	72.539	522
72.564	553	72.589	521
72.615	549	72.640	519
72.666	547	72.690	531
72.716	546	72.742	531
72.767	543	72.792	537
72.817	545	72.843	549
72.869	539	72.893	563
72.919	537	72.944	570
72.970	538	72.994	580
73.020	544	73.046	591
73.071	549	73.096	599
73.121	547	73.147	606
73.173	547	73.197	607
73.223	548	73.248	604
73.274	551	73.299	614
73.324	558	73.350	611
73.375	560	73.400	611
73.426	563	73.451	599
73.477	567	73.502	599
73.527	566	73.553	580
73.578	568	73.604	574
73.628	570	73.654	564
73.680	569	73.705	555
73.730	566	73.755	547
73.781	566	73.807	538
73.831	551	73.857	531
73.882	560	73.908	526
73.932	555	73.958	524
73.984	552	74.009	527
74.034	547	74.059	526
74.085	544	74.111	534
74.135	533	74.161	540
74.186	538	74.212	547
74.237	536	74.262	554
74.288	537	74.313	565
74.338	535	74.364	576
74.389	537	74.415	588
74.439	539	74.465	596
74.491	545	74.516	601
74.541	546	74.566	608
74.592	550	74.618	609
74.642	552	74.668	613
74.693	551	74.719	603
74.743	561	74.769	605
74.795	565	74.820	604
74.845	568	74.870	597
74.896	574	74.922	594
74.946	572	74.972	579
74.997	573	75.023	569
75.048	567	75.073	559
75.099	573	75.124	550
75.149	574	75.175	545
75.200	567	75.226	537
75.250	558	75.276	534
75.302	559	75.327	527
75.352	553	75.377	530
75.403	550	75.429	536
75.453	543	75.479	540
75.504	539	75.530	536
75.554	534	75.580	545
75.606	538	75.631	555
75.656	525	75.681	562
75.707	530	75.733	573
75.757	531	75.783	582
75.808	525	75.834	587
75.859	539	75.884	599
75.910	539	75.935	600
75.960	543	75.986	605
76.011	549	76.037	606
76.061	555	76.087	609
76.113	561	76.138	607
76.163	565	76.188	599
76.214	569	76.240	594
76.264	572	76.290	587
76.315	574	76.341	584
76.365	575	76.391	569
76.417	577	76.442	564
76.467	575	76.492	556
76.518	573	76.544	548
76.568	570	76.594	541
76.619	564	76.645	537
76.670	559	76.695	535
76.721	556	76.746	533
76.772	549	76.797	538
76.822	542	76.848	538
76.873	537	76.898	540
76.924	533	76.949	547
76.975	526	76.999	552
77.025	529	77.051	563
77.076	529	77.101	568
77.126	530	77.152	577
77.178	530	77.202	584
77.228	532	77.253	590
77.279	537	77.303	599
77.329	541	77.355	601
77.380	549	77.405	602
77.430	555	77.456	599
77.482	560	77.506	607
77.532	573	77.557	596
77.583	570	77.608	594
77.633	571	77.659	591
77.684	578	77.709	578
77.735	573	77.760	575
77.786	580	77.810	567
77.836	581	77.862	560
77.887	575	77.912	550
77.937	571	77.963	546
77.989	563	78.013	543
78.039	563	78.064	540
78.090	557	78.114	538
78.140	551	78.166	532
78.191	536	78.216	533
78.241	538	78.267	537
78.293	530	78.317	543
78.343	528	78.368	551
78.394	525	78.419	558
78.444	525	78.470	576
78.495	524	78.520	573
78.546	525	78.571	580
78.597	525	78.621	586
78.647	534	78.673	590
78.698	538	78.723	594
78.748	543	78.774	597
78.800	544	78.824	598
78.850	559	78.875	597
78.901	563	78.925	593
78.951	567	78.977	596
79.002	576	79.027	592
79.052	580	79.078	580
79.104	583	79.128	577
79.154	584	79.179	569
79.205	580	79.230	564
79.255	580	79.281	561
79.306	583	79.331	553
79.357	576	79.382	549
79.408	563	79.432	544
79.458	561	79.484	544
79.509	553	79.534	545
79.559	544	79.585	544
79.611	538	79.635	541
79.661	534	79.686	552
79.712	533	79.736	553
79.762	524	79.788	559
79.813	520	79.839	565
79.863	518	79.889	571
79.915	518	79.940	576
79.965	527	79.990	581
80.016	528	80.042	586
80.066	531	80.092	590
80.117	545	80.143	597
80.168	554	80.193	594
80.219	555	80.244	593
80.269	562	80.295	591
80.320	572	80.346	583
80.370	574	80.396	582
80.422	582	80.447	581
80.472	582	80.497	575
80.523	585	80.549	574
80.573	585	80.599	566
80.624	579	80.650	561
80.674	581	80.700	558
80.726	575	80.751	554
80.776	567	80.801	551
80.827	565	80.853	549
80.877	555	80.903	555
80.928	547	80.954	546
80.979	541	81.004	548
81.030	533	81.055	556
81.080	528	81.106	555
81.131	518	81.157	561
81.181	520	81.207	564
81.233	520	81.258	567
81.283	514	81.308	573
81.334	522	81.360	577
81.384	526	81.410	579
81.435	526	81.461	584
81.485	537	81.511	586
81.537	543	81.562	585
81.587	552	81.612	588
81.638	562	81.664	591
81.688	568	81.714	586
81.739	574	81.765	584
81.790	579	81.815	583
81.841	584	81.866	579
81.891	587	81.917	575
81.942	586	81.968	570
81.992	584	82.018	563
82.044	580	82.069	561
82.094	580	82.119	559
82.145	567	82.171	552
82.195	563	82.221	555
82.246	559	82.272	551
82.296	550	82.322	555
82.348	540	82.373	556
82.398	535	82.423	560
82.449	529	82.475	561
82.499	525	82.525	565
82.550	519	82.576	556
82.601	520	82.626	575
82.652	519	82.677	576
82.702	519	82.728	574
82.753	525	82.779	578
82.803	533	82.829	579
82.855	531	82.880	581
82.905	544	82.930	582
82.956	550	82.982	583
83.006	558	83.032	583
83.057	566	83.083	581
83.108	571	83.133	579
83.159	578	83.184	578
83.209	584	83.234	582
83.260	586	83.286	575
83.310	585	83.336	570
83.361	589	83.387	567
83.412	585	83.437	568
83.463	577	83.488	565
83.513	573	83.539	561
83.564	568	83.590	558
83.614	564	83.640	559
83.666	559	83.691	564
83.716	544	83.741	560
83.767	537	83.793	560
83.817	530	83.843	563
83.868	525	83.894	564
83.919	520	83.944	565
83.970	518	83.995	567
84.020	517	84.045	567
84.071	518	84.097	571
84.121	521	84.147	572
84.172	527	84.198	575
84.223	533	84.248	575
84.274	540	84.299	578
84.325	548	84.350	575
84.375	554	84.401	576
84.426	565	84.451	575
84.477	570	84.502	576
84.528	579	84.552	580
84.578	583	84.604	580
84.629	586	84.654	576
84.679	588	84.705	571
84.731	587	84.755	570
84.781	585	84.806	569
84.832	582	84.856	569
84.882	576	84.908	561
84.933	575	84.958	562
84.983	559	85.009	565
85.035	557	85.059	567
85.085	546	85.110	566
85.136	540	85.161	565
85.186	532	85.212	571
85.237	527	85.262	565
85.288	522	85.313	577
85.339	517	85.363	568
85.389	512	85.415	571
85.440	519	85.465	569
85.490	518	85.516	571
85.542	532	85.566	570
85.592	531	85.617	572
85.643	536	85.668	572
85.693	544	85.719	571
85.744	553	85.769	567
85.794	562	85.820	572
85.846	567	85.870	572
85.896	575	85.921	572
85.947	580	85.972	572
85.997	587	86.023	571
86.048	588	86.073	569
86.099	585	86.124	573
86.150	585	86.174	570
86.200	578	86.226	569
86.251	577	86.276	571
86.301	568	86.327	576
86.353	569	86.377	570
86.403	558	86.428	569
86.454	555	86.479	569
86.504	541	86.530	567
86.555	536	86.580	565
86.605	529	86.631	569
86.657	524	86.681	572
86.707	520	86.732	565
86.758	519	86.783	568
86.808	520	86.834	569
86.859	526	86.884	571
86.910	522	86.935	568
86.961	532	86.985	572
87.011	538	87.037	567
87.062	541	87.087	567
87.112	550	87.138	567
87.164	560	87.188	562
87.214	566	87.239	570
87.265	572	87.290	565
87.315	578	87.341	565
87.366	581	87.392	569
87.416	583	87.442	567
87.468	586	87.493	570
87.518	585	87.543	577
87.569	576	87.595	572
87.619	579	87.645	573
87.670	572	87.696	575
87.721	565	87.746	574
87.772	558	87.797	574
87.822	557	87.848	575
87.873	542	87.899	574
87.923	536	87.949	573
87.975	531	88.000	573
88.025	527	88.050	570
88.076	524	88.102	580
88.126	520	88.152	567
88.177	523	88.203	563
88.228	523	88.253	568
88.279	524	88.304	567
88.329	530	88.354	563
88.380	538	88.406	565
88.430	544	88.456	564
88.481	544	88.507	564
88.532	555	88.557	564
88.583	565	88.608	572
88.633	569	88.659	561
88.684	575	88.710	561
88.734	580	88.760	569
88.786	583	88.811	568
88.836	583	88.861	572
88.887	584	88.913	573
88.937	581	88.963	574
88.988	579	89.014	576
89.039	572	89.064	577
89.090	565	89.115	578
89.140	560	89.165	581
89.191	551	89.217	578
89.241	548	89.267	575
89.292	540	89.318	573
89.343	536	89.368	571
89.394	530	89.419	577
89.444	526	89.470	569
89.495	524	89.521	573
89.545	520	89.571	566
89.597	522	89.622	566
89.647	528	89.672	565
89.698	527	89.724	558
89.748	534	89.774	562
89.799	543	89.825	560
89.850	551	89.875	563
89.901	549	89.926	560
89.951	560	89.976	557
90.002	568	90.028	559
90.052	573	90.078	568
90.103	580	90.129	573
90.154	579	90.179	565
90.205	580	90.230	570
90.255	583	90.281	574
90.306	576	90.332	577
90.356	574	90.382	579
90.408	572	90.433	578
90.458	571	90.483	579
90.509	551	90.535	579
90.559	556	90.585	577
90.610	549	90.636	580
90.661	542	90.686	577
90.712	538	90.737	580
90.762	532	90.788	572
90.813	531	90.839	578
90.863	526	90.889	570
90.914	525	90.940	572
90.965	525	90.990	566
91.016	527	91.041	564
91.067	532	91.092	561
91.117	543	91.143	559
91.168	540	91.193	559
91.219	544	91.244	557
91.270	553	91.294	560
