#Creator: pendulumviewEventBuffer
#Creation time: Sat Apr 16 18:07:12 2011
#Time A	Pos A	Time B	Pos B
#[s]	[au]	[s]	[au]
0.024	678	0.050	455
0.076	685	0.101	453
0.126	679	0.151	452
0.177	684	0.203	450
0.227	682	0.253	453
0.278	682	0.304	456
0.329	683	0.354	452
0.380	676	0.405	451
0.430	685	0.456	462
0.481	687	0.507	450
0.531	681	0.557	451
0.583	685	0.608	456
0.633	684	0.658	452
0.684	684	0.710	455
0.734	685	0.760	454
0.785	688	0.811	454
0.835	693	0.861	455
0.887	684	0.912	455
0.937	689	0.962	458
0.988	689	1.014	465
1.038	676	1.064	472
1.089	662	1.115	490
1.140	641	1.165	517
1.191	615	1.216	547
1.241	587	1.267	572
1.292	554	1.318	605
1.342	521	1.368	632
1.394	492	1.419	659
1.444	463	1.469	681
1.495	445	1.521	698
1.545	424	1.571	708
1.596	415	1.622	713
1.646	412	1.672	711
1.698	418	1.723	703
1.748	426	1.773	687
1.799	448	1.825	667
1.849	470	1.875	633
1.900	496	1.926	612
1.951	527	1.976	579
2.002	558	2.027	556
2.053	594	2.078	522
2.103	612	2.129	496
2.154	637	2.179	477
2.205	661	2.230	464
2.256	673	2.280	458
2.306	681	2.332	461
2.357	679	2.382	460
2.407	671	2.433	483
2.459	652	2.483	497
2.509	635	2.534	521
2.560	612	2.584	548
2.610	579	2.636	578
2.661	547	2.686	610
2.711	520	2.737	636
2.763	493	2.787	663
2.813	465	2.838	681
2.864	442	2.889	704
2.914	423	2.940	716
2.965	418	2.990	712
3.016	418	3.041	705
3.067	420	3.091	699
3.117	432	3.143	683
3.168	452	3.193	660
3.218	480	3.244	634
3.270	508	3.294	605
3.320	528	3.345	576
3.371	560	3.395	544
3.421	598	3.447	519
3.472	622	3.497	495
3.522	645	3.548	476
3.574	661	3.598	469
3.624	673	3.649	462
3.675	679	3.700	456
3.725	678	3.751	469
3.776	670	3.801	483
3.827	654	3.852	502
3.878	629	3.902	527
3.928	609	3.954	555
3.979	573	4.004	582
4.029	544	4.055	614
4.081	510	4.105	642
4.131	486	4.156	666
4.182	455	4.206	683
4.232	439	4.258	705
4.283	428	4.308	708
4.333	420	4.359	711
4.385	420	4.409	708
4.435	426	4.460	694
4.486	439	4.511	680
4.536	463	4.562	651
4.587	482	4.612	629
4.638	510	4.663	600
4.689	546	4.713	570
4.739	573	4.765	545
4.790	591	4.815	518
4.840	625	4.866	493
4.892	642	4.916	476
4.942	658	4.967	465
4.993	671	5.018	464
5.043	675	5.069	458
5.094	672	5.120	472
5.144	666	5.170	489
5.196	645	5.221	511
5.246	623	5.271	531
5.297	598	5.323	558
5.347	575	5.373	590
5.398	535	5.424	622
5.449	507	5.474	644
5.500	482	5.525	672
5.550	459	5.576	691
5.601	439	5.627	703
5.651	426	5.677	710
5.703	420	5.728	711
5.753	422	5.778	703
5.804	430	5.830	692
5.854	443	5.880	676
5.905	463	5.931	651
5.955	486	5.981	617
6.007	514	6.032	598
6.057	543	6.082	566
6.108	571	6.134	537
6.158	602	6.184	509
6.209	631	6.235	491
6.260	645	6.285	472
6.311	662	6.336	464
6.361	676	6.387	459
6.412	677	6.438	464
6.462	665	6.488	475
6.514	658	6.539	489
6.564	644	6.589	509
6.615	617	6.641	542
6.665	591	6.691	571
6.716	563	6.742	599
6.766	534	6.792	616
6.818	509	6.843	650
6.868	479	6.893	678
6.919	459	6.945	691
6.969	437	6.995	704
7.020	433	7.046	716
7.071	421	7.096	708
7.122	430	7.147	701
7.172	434	7.198	689
7.223	446	7.249	668
7.273	470	7.299	643
7.325	494	7.350	615
7.375	521	7.400	582
7.426	548	7.452	564
7.476	577	7.502	528
7.527	604	7.553	510
7.578	628	7.603	489
7.629	647	7.654	473
7.679	660	7.704	463
7.730	666	7.756	461
7.780	675	7.806	466
7.831	662	7.857	477
7.882	652	7.907	495
7.933	634	7.958	520
7.984	610	8.009	544
8.034	585	8.060	571
8.085	557	8.110	599
8.136	529	8.161	626
8.187	502	8.211	650
8.237	477	8.263	671
8.288	462	8.313	696
8.338	441	8.364	713
8.390	427	8.414	707
8.440	428	8.465	706
8.491	433	8.515	699
8.541	439	8.567	684
8.592	455	8.617	664
8.642	470	8.668	639
8.694	495	8.718	611
8.744	528	8.769	588
8.795	556	8.820	554
8.845	582	8.871	528
8.896	609	8.921	502
8.947	629	8.972	482
8.998	648	9.022	467
9.048	660	9.074	468
9.099	666	9.124	460
9.149	667	9.175	473
9.201	658	9.225	481
9.251	646	9.276	499
9.302	631	9.326	523
9.352	608	9.378	549
9.403	579	9.428	578
9.453	556	9.479	605
9.505	525	9.529	635
9.555	494	9.580	659
9.606	474	9.631	677
9.656	456	9.682	692
9.707	442	9.732	710
9.758	433	9.783	701
9.809	431	9.833	709
9.859	434	9.885	691
9.910	445	9.935	680
9.960	465	9.986	665
10.012	479	10.036	634
10.062	511	10.087	608
10.113	532	10.138	579
10.163	557	10.189	550
10.214	584	10.239	522
10.264	613	10.290	502
10.316	630	10.340	486
10.366	648	10.391	475
10.417	660	10.442	464
10.467	665	10.493	467
10.518	663	10.543	468
10.569	652	10.594	485
10.620	639	10.644	503
10.670	622	10.696	527
10.721	597	10.746	551
10.771	573	10.797	582
10.823	546	10.847	610
10.873	526	10.898	639
10.924	487	10.949	662
10.974	471	11.000	681
11.025	451	11.051	692
11.075	448	11.101	703
11.127	434	11.152	707
11.177	432	11.202	699
11.228	439	11.254	694
11.278	451	11.304	676
11.329	466	11.355	656
11.380	489	11.405	633
11.431	512	11.456	600
11.481	540	11.507	575
11.532	569	11.558	546
11.582	586	11.608	521
11.634	617	11.659	499
11.684	635	11.709	478
11.735	647	11.761	467
11.785	656	11.811	465
11.836	657	11.862	468
11.886	658	11.912	475
11.938	649	11.963	488
11.988	642	12.013	509
12.039	614	12.065	529
12.089	592	12.115	557
12.140	567	12.166	587
12.191	541	12.216	619
12.242	515	12.267	638
12.292	490	12.318	664
12.343	470	12.369	684
12.393	450	12.419	696
12.445	445	12.470	705
12.495	436	12.520	708
12.546	442	12.572	703
12.596	438	12.622	686
12.647	455	12.673	672
12.698	472	12.723	651
12.749	494	12.774	622
12.799	519	12.824	594
12.850	544	12.876	573
12.900	570	12.926	544
12.951	595	12.977	515
13.002	616	13.027	496
13.053	637	13.078	484
13.103	650	13.129	471
13.154	657	13.180	466
13.204	662	13.230	469
13.256	650	13.281	478
13.306	650	13.331	495
13.357	630	13.383	513
13.407	611	13.433	541
13.458	586	13.484	559
13.509	560	13.534	586
13.560	535	13.585	615
13.610	510	13.635	642
13.661	487	13.687	667
13.711	466	13.737	688
13.762	453	13.788	700
13.813	443	13.838	703
13.864	440	13.889	704
13.915	441	13.940	697
13.965	450	13.991	685
14.016	462	14.041	668
14.067	475	14.092	644
14.118	498	14.142	621
14.168	524	14.194	593
14.219	551	14.244	566
14.269	577	14.295	545
14.321	598	14.345	512
14.371	623	14.396	491
14.422	638	14.446	482
14.472	650	14.498	465
14.523	657	14.548	468
14.573	657	14.599	473
14.625	651	14.649	482
14.675	639	14.700	498
14.726	620	14.751	518
14.776	606	14.802	542
14.827	578	14.852	568
14.878	550	14.903	596
14.929	531	14.953	623
14.979	506	15.005	648
15.030	482	15.055	669
15.080	464	15.106	687
15.132	450	15.156	692
15.182	442	15.207	699
15.233	442	15.258	702
15.283	442	15.309	696
15.334	452	15.359	682
15.384	467	15.410	663
15.436	484	15.460	642
15.486	505	15.511	618
15.537	535	15.562	589
15.587	553	15.613	562
15.638	579	15.663	537
15.689	603	15.714	507
15.740	624	15.764	488
15.790	642	15.816	480
15.841	650	15.866	467
15.891	656	15.917	466
15.943	654	15.967	474
15.993	646	16.018	483
16.044	636	16.069	496
16.094	618	16.120	521
16.145	591	16.170	553
16.195	578	16.221	572
16.247	548	16.271	599
16.297	529	16.322	625
16.348	495	16.373	650
16.398	476	16.424	669
16.449	462	16.474	685
16.500	449	16.525	699
16.551	441	16.575	701
16.601	441	16.627	705
16.652	445	16.677	693
16.702	455	16.728	685
16.754	464	16.778	663
16.804	488	16.829	635
16.855	513	16.880	613
16.905	542	16.931	584
16.956	561	16.982	558
17.006	587	17.032	539
17.058	616	17.083	510
17.108	626	17.133	494
17.159	638	17.185	481
17.209	655	17.235	474
17.260	654	17.286	474
17.311	652	17.336	478
17.362	644	17.387	492
17.412	633	17.438	510
17.463	613	17.489	530
17.513	592	17.539	550
17.565	569	17.590	577
17.615	545	17.640	605
17.666	518	17.692	628
17.716	497	17.742	652
17.767	473	17.793	666
17.818	458	17.843	686
17.869	446	17.894	695
17.919	445	17.944	698
17.970	438	17.996	695
18.020	449	18.046	687
18.071	459	18.097	675
18.122	475	18.147	649
18.173	494	18.198	627
18.223	517	18.249	607
18.274	541	18.300	583
18.324	567	18.350	553
18.376	590	18.401	534
18.426	609	18.451	501
18.477	630	18.503	494
18.527	645	18.553	486
18.578	656	18.604	477
18.629	646	18.654	473
18.680	653	18.705	482
18.730	640	18.755	491
18.781	623	18.807	515
18.831	606	18.857	528
18.882	587	18.908	557
18.933	564	18.958	581
18.984	538	19.009	603
19.034	514	19.060	628
19.085	492	19.111	652
19.135	476	19.161	674
19.187	456	19.212	685
19.237	452	19.262	694
19.288	442	19.314	697
19.338	441	19.364	691
19.389	448	19.415	684
19.440	460	19.465	671
19.491	482	19.516	650
19.541	501	19.566	632
19.592	524	19.618	603
19.642	548	19.668	577
19.693	569	19.719	553
19.744	594	19.769	523
19.795	615	19.820	512
19.845	631	19.871	497
19.896	636	19.922	482
19.946	649	19.972	478
19.998	656	20.023	478
20.048	642	20.073	486
20.099	636	20.125	499
20.149	619	20.175	515
20.200	604	20.226	536
20.251	589	20.276	561
20.302	555	20.327	585
20.352	533	20.378	613
20.403	509	20.429	632
20.453	491	20.479	656
20.504	470	20.530	669
20.555	457	20.580	687
20.606	448	20.631	692
20.657	439	20.682	697
20.707	453	20.733	691
20.758	452	20.783	679
20.809	468	20.834	663
20.860	483	20.884	645
20.910	504	20.936	622
20.961	528	20.986	601
21.011	551	21.037	572
21.063	574	21.087	549
21.113	598	21.138	526
21.164	619	21.189	511
21.214	633	21.240	495
21.265	644	21.290	482
21.315	649	21.341	486
21.367	650	21.391	481
21.417	640	21.442	493
21.468	634	21.493	504
21.518	619	21.544	521
21.569	595	21.594	543
21.620	571	21.645	565
21.671	556	21.695	591
21.721	532	21.747	616
21.772	508	21.797	632
21.822	482	21.848	659
21.874	468	21.898	677
21.924	457	21.949	679
21.975	448	22.000	688
22.025	445	22.051	693
22.076	453	22.101	688
22.126	455	22.152	674
22.178	471	22.202	663
22.228	492	22.253	640
22.279	510	22.304	618
22.329	529	22.355	594
22.380	558	22.405	569
22.431	581	22.456	544
22.482	599	22.506	524
22.532	619	22.558	507
22.583	636	22.608	493
22.633	645	22.659	485
22.685	652	22.709	479
22.735	649	22.760	486
22.786	641	22.811	486
22.836	625	22.862	511
22.887	613	22.912	525
22.938	594	22.963	548
22.989	573	23.013	570
23.039	548	23.064	595
23.090	527	23.115	613
23.140	498	23.166	640
23.191	482	23.216	660
23.242	469	23.267	673
23.293	453	23.317	684
23.343	443	23.369	686
23.394	447	23.419	687
23.444	451	23.470	686
23.496	460	23.520	672
23.546	475	23.571	646
23.597	493	23.622	633
23.647	517	23.673	608
23.698	538	23.724	589
23.749	561	23.774	565
23.800	585	23.825	542
23.850	602	23.875	522
23.901	625	23.927	506
23.951	645	23.977	491
24.002	645	24.028	487
24.053	648	24.078	486
24.104	646	24.129	490
24.154	630	24.180	498
24.205	627	24.231	518
24.255	609	24.281	530
24.307	590	24.332	544
24.357	567	24.382	572
24.408	543	24.434	595
24.458	520	24.484	621
24.509	499	24.535	642
24.560	479	24.585	661
24.611	461	24.636	673
24.661	453	24.686	682
24.712	446	24.738	687
24.762	448	24.788	685
24.813	449	24.839	678
24.864	464	24.889	662
24.915	478	24.940	650
24.965	499	24.991	635
25.016	519	25.042	602
25.066	543	25.092	584
25.118	567	25.143	564
25.168	588	25.193	537
25.219	608	25.245	524
25.269	625	25.295	504
25.320	638	25.346	496
25.371	645	25.396	492
25.422	647	25.447	489
25.472	645	25.498	496
25.523	638	25.549	503
25.573	619	25.599	518
25.624	610	25.650	536
25.675	584	25.700	553
25.726	562	25.751	585
25.776	539	25.802	599
25.827	515	25.853	622
25.877	494	25.903	647
25.929	477	25.954	663
25.979	461	26.004	674
26.030	453	26.056	682
26.080	449	26.106	684
26.131	448	26.157	682
26.182	463	26.207	674
26.233	466	26.258	662
26.283	480	26.309	644
26.334	499	26.360	626
26.384	523	26.410	599
26.435	547	26.461	580
26.486	570	26.511	557
26.537	592	26.562	533
26.587	611	26.613	518
26.638	627	26.664	507
26.688	641	26.714	492
26.740	645	26.765	488
26.790	648	26.815	485
26.841	643	26.867	498
26.891	632	26.917	508
26.942	613	26.968	524
26.993	602	27.018	543
27.044	580	27.069	563
27.094	564	27.120	586
27.145	537	27.171	608
27.195	507	27.221	629
27.246	491	27.272	647
27.297	472	27.322	662
27.348	461	27.373	675
27.398	453	27.424	677
27.449	449	27.475	686
27.499	449	27.525	680
27.551	458	27.576	670
27.601	470	27.626	657
27.652	485	27.678	640
27.702	504	27.728	620
27.753	523	27.779	598
27.804	557	27.829	576
27.855	575	27.880	559
27.905	591	27.931	534
27.956	613	27.982	519
28.006	627	28.032	507
28.058	640	28.083	496
28.108	645	28.133	492
28.159	645	28.184	486
28.209	641	28.235	500
28.260	629	28.286	519
28.310	610	28.336	525
28.362	595	28.387	547
28.412	573	28.437	569
28.463	554	28.489	593
28.513	528	28.539	613
28.564	509	28.590	633
28.615	488	28.640	645
28.666	480	28.691	663
28.716	460	28.742	675
28.767	451	28.793	682
28.817	451	28.843	679
28.869	452	28.894	671
28.919	461	28.944	666
28.970	473	28.995	655
29.020	489	29.046	634
29.071	512	29.097	614
29.121	531	29.147	594
29.173	549	29.198	572
29.223	574	29.248	555
29.274	601	29.300	536
29.324	608	29.350	517
29.375	619	29.401	508
29.426	638	29.451	497
29.477	645	29.502	494
29.527	647	29.553	497
29.578	639	29.604	505
29.628	628	29.654	519
29.680	612	29.705	532
29.730	593	29.755	549
29.781	563	29.806	567
29.831	551	29.857	596
29.882	528	29.908	617
29.932	508	29.958	636
29.984	487	30.009	652
30.034	477	30.059	666
30.085	456	30.111	676
30.135	453	30.161	678
30.186	451	30.212	679
30.237	453	30.262	672
30.288	460	30.313	663
30.338	478	30.364	646
30.389	494	30.415	633
30.439	512	30.465	610
30.491	536	30.516	586
30.541	551	30.566	573
30.592	579	30.618	547
30.642	600	30.668	533
30.693	617	30.719	513
30.743	635	30.769	505
30.795	629	30.820	498
30.845	642	30.870	497
30.896	642	30.922	503
30.946	638	30.972	510
30.997	621	31.023	523
31.048	611	31.073	533
31.099	589	31.124	560
31.149	569	31.175	583
31.200	546	31.226	603
31.250	525	31.276	624
31.302	502	31.327	640
31.352	484	31.377	658
31.403	469	31.429	665
31.453	459	31.479	674
31.504	453	31.530	677
31.554	455	31.580	675
31.606	454	31.631	668
31.656	461	31.681	661
31.707	475	31.733	647
31.757	495	31.783	625
31.808	515	31.834	604
31.859	540	31.884	583
31.910	563	31.935	563
31.960	581	31.986	544
32.011	602	32.037	524
32.061	618	32.087	523
32.113	633	32.138	506
32.163	640	32.188	497
32.214	642	32.240	499
32.264	640	32.290	504
32.315	637	32.341	513
32.365	619	32.391	527
32.417	610	32.442	544
32.467	595	32.492	563
32.518	562	32.544	586
32.568	546	32.594	603
32.619	522	32.645	624
32.670	500	32.695	631
32.721	484	32.746	658
32.771	471	32.797	669
32.822	457	32.848	673
32.872	454	32.898	673
32.924	453	32.949	672
32.974	459	32.999	666
33.025	468	33.051	654
33.075	485	33.101	636
33.126	498	33.152	619
33.176	524	33.202	599
33.228	543	33.253	577
33.279	565	33.303	555
33.329	589	33.355	536
33.380	604	33.405	525
33.430	620	33.456	511
33.482	631	33.506	503
33.532	638	33.557	509
33.583	641	33.608	493
33.633	637	33.659	508
33.684	630	33.709	522
33.735	617	33.760	532
33.786	597	33.810	552
33.836	582	33.862	567
33.887	559	33.912	588
33.937	538	33.963	608
33.989	522	34.013	628
34.039	500	34.064	641
34.090	481	34.114	660
34.140	467	34.166	668
34.191	460	34.216	675
34.241	455	34.267	674
34.293	457	34.317	671
34.343	466	34.368	662
34.394	472	34.419	654
34.444	492	34.470	632
34.495	506	34.520	615
34.546	524	34.571	593
34.597	545	34.621	574
34.647	567	34.673	553
34.698	588	34.723	539
34.748	603	34.774	522
34.800	615	34.824	511
34.850	630	34.875	504
34.901	638	34.925	501
34.951	639	34.977	503
35.002	634	35.027	511
35.052	627	35.078	523
35.104	612	35.128	541
35.154	598	35.179	555
35.205	577	35.230	568
35.255	555	35.281	592
35.306	534	35.331	612
35.357	516	35.382	634
35.408	499	35.432	647
35.458	480	35.484	662
35.509	464	35.534	669
35.559	458	35.585	673
35.611	459	35.635	673
35.661	460	35.686	669
35.712	466	35.736	659
35.762	475	35.788	643
35.813	490	35.838	628
35.863	510	35.889	607
35.915	529	35.939	584
35.965	549	35.990	572
36.016	570	36.041	547
36.066	588	36.092	535
36.117	603	36.142	522
36.168	621	36.193	509
36.219	628	36.244	503
36.269	626	36.295	503
36.320	630	36.346	505
36.370	631	36.396	514
36.422	615	36.447	526
36.472	607	36.497	541
36.523	594	36.549	553
36.573	573	36.599	575
36.624	553	36.650	590
36.674	534	36.700	618
36.726	513	36.751	636
36.776	496	36.801	653
36.827	480	36.853	661
36.877	471	36.903	670
36.928	456	36.954	672
36.979	461	37.004	671
37.030	463	37.055	665
37.080	469	37.106	656
37.131	482	37.157	641
37.181	497	37.207	624
37.233	512	37.258	605
37.283	536	37.308	586
37.334	551	37.360	566
37.384	573	37.410	556
37.435	591	37.461	531
37.485	607	37.511	519
37.537	620	37.562	511
37.587	630	37.612	503
37.638	637	37.664	494
37.688	632	37.714	508
37.739	627	37.765	517
37.790	613	37.815	529
37.841	608	37.866	545
37.891	593	37.917	564
37.942	570	37.968	580
37.992	549	38.018	601
38.044	529	38.069	615
38.094	510	38.119	638
38.145	493	38.171	654
38.195	479	38.221	664
38.246	473	38.272	670
38.296	462	38.322	666
38.348	462	38.373	671
38.398	464	38.423	663
38.449	471	38.475	652
38.499	481	38.525	636
38.550	498	38.576	619
38.601	522	38.626	601
38.652	527	38.677	581
38.702	556	38.728	562
38.753	576	38.779	546
38.803	597	38.829	530
38.855	609	38.880	519
38.905	620	38.930	514
38.956	628	38.982	501
39.006	631	39.032	507
39.057	635	39.083	514
39.107	626	39.133	519
39.159	614	39.184	529
39.209	603	39.234	548
39.260	578	39.286	570
39.310	569	39.336	587
39.361	549	39.387	606
39.412	522	39.437	620
39.463	510	39.488	643
39.514	492	39.539	654
39.564	478	39.590	664
39.615	469	39.640	676
39.666	470	39.691	674
39.717	464	39.741	670
39.767	469	39.793	663
39.818	475	39.843	648
39.868	488	39.894	634
39.920	507	39.944	622
39.970	520	39.995	597
40.021	532	40.045	579
40.071	559	40.097	558
40.122	572	40.147	542
40.172	593	40.198	526
40.224	605	40.248	515
40.274	625	40.299	508
40.325	625	40.350	505
40.375	629	40.401	506
40.426	627	40.451	513
40.477	621	40.502	525
40.528	610	40.552	535
40.578	597	40.604	547
40.629	580	40.654	571
40.679	561	40.705	587
40.731	542	40.755	605
40.781	522	40.806	627
40.832	506	40.856	643
40.882	499	40.908	658
40.933	479	40.958	665
40.983	475	41.009	671
41.035	466	41.059	665
41.085	464	41.110	666
41.136	470	41.161	659
41.186	481	41.212	645
41.237	492	41.262	627
41.288	507	41.313	613
41.339	526	41.363	586
41.389	544	41.415	580
41.440	562	41.465	556
41.490	581	41.516	539
41.542	595	41.566	525
41.592	608	41.617	514
41.643	621	41.667	508
41.693	624	41.719	505
41.744	624	41.769	508
41.794	631	41.820	522
41.846	618	41.870	526
41.896	603	41.921	537
41.947	593	41.972	554
41.997	575	42.023	577
42.048	561	42.073	595
42.099	539	42.124	608
42.150	521	42.174	633
42.200	506	42.226	645
42.251	489	42.276	659
42.301	476	42.327	666
42.353	467	42.377	670
42.403	470	42.428	672
42.454	468	42.478	663
42.504	472	42.530	654
42.555	482	42.581	643
42.605	494	42.631	627
42.657	512	42.682	612
42.707	526	42.732	588
42.758	548	42.784	564
42.808	564	42.834	555
42.859	581	42.885	536
42.910	599	42.935	527
42.961	611	42.986	521
43.011	620	43.037	507
43.062	624	43.088	508
43.112	624	43.138	510
43.164	619	43.189	515
43.214	616	43.239	528
43.265	605	43.291	537
43.315	587	43.341	557
43.366	577	43.392	579
43.416	554	43.442	591
43.468	534	43.493	618
43.518	518	43.543	629
43.569	500	43.595	645
43.619	488	43.645	659
43.670	477	43.696	665
43.721	472	43.746	666
43.772	466	43.797	664
43.822	469	43.848	661
43.873	477	43.899	652
43.923	486	43.949	638
43.975	503	44.000	624
44.025	517	44.050	604
44.076	538	44.102	581
44.126	551	44.152	567
44.177	569	44.203	550
44.227	586	44.253	531
44.279	600	44.304	525
44.329	606	44.354	516
44.380	618	44.406	512
44.430	625	44.456	510
44.481	623	44.507	515
44.532	618	44.557	519
44.583	612	44.608	530
44.633	595	44.659	549
44.684	582	44.710	564
44.734	562	44.760	581
44.786	550	44.811	600
44.836	537	44.861	618
44.887	518	44.913	633
44.937	500	44.963	649
44.988	487	45.014	658
45.038	480	45.064	669
45.090	472	45.115	669
45.140	471	45.165	667
45.191	475	45.217	662
45.241	483	45.267	656
45.292	489	45.318	635
45.343	505	45.368	624
45.394	518	45.419	601
45.444	537	45.470	584
45.495	553	45.521	564
45.545	578	45.571	549
45.597	593	45.622	533
45.647	602	45.672	520
45.698	612	45.724	514
45.748	617	45.774	507
45.799	621	45.825	513
45.850	619	45.875	513
45.901	615	45.926	521
45.951	605	45.976	533
46.002	594	46.028	556
46.052	577	46.078	569
46.103	563	46.129	586
46.154	545	46.179	602
46.205	528	46.230	621
46.255	510	46.281	638
46.306	493	46.332	651
46.356	484	46.382	659
46.408	472	46.433	665
46.458	472	46.483	668
46.509	473	46.535	664
46.559	477	46.585	661
46.610	483	46.636	647
46.661	495	46.686	629
46.712	509	46.737	619
46.762	525	46.787	598
46.813	544	46.839	577
46.863	559	46.889	567
46.914	575	46.940	547
46.965	589	46.990	533
47.016	602	47.041	520
47.067	613	47.092	512
47.117	618	47.143	514
47.168	619	47.193	512
47.219	622	47.244	516
47.270	619	47.294	524
47.320	600	47.346	542
47.371	589	47.396	554
47.421	574	47.447	575
47.473	559	47.497	587
47.523	548	47.548	607
47.574	525	47.598	621
47.624	509	47.650	636
47.675	495	47.700	651
47.725	483	47.751	659
47.777	476	47.801	665
47.827	475	47.852	666
47.878	472	47.903	662
47.928	481	47.954	656
47.979	491	48.004	641
48.030	497	48.055	629
48.081	514	48.105	616
48.131	529	48.157	593
48.182	546	48.207	576
48.232	562	48.258	562
48.284	578	48.308	543
48.334	592	48.359	532
48.385	605	48.410	522
48.435	611	48.461	514
48.486	618	48.511	511
48.536	618	48.562	512
48.588	615	48.612	518
48.638	602	48.663	528
48.689	599	48.714	540
48.739	587	48.765	556
48.790	569	48.815	575
48.841	554	48.866	594
48.892	537	48.916	609
48.942	522	48.968	624
48.993	506	49.018	644
49.043	494	49.069	659
49.095	485	49.119	664
49.145	480	49.170	663
49.196	475	49.221	661
49.246	483	49.272	660
49.297	484	49.322	652
49.347	488	49.373	640
49.399	502	49.423	627
49.449	520	49.474	609
49.500	526	49.525	592
49.550	559	49.576	574
49.601	561	49.626	556
49.652	581	49.677	544
49.703	594	49.727	531
49.753	603	49.779	518
49.804	612	49.829	511
49.854	616	49.880	513
49.906	616	49.930	520
49.956	613	49.981	525
50.007	609	50.032	529
50.057	592	50.083	545
50.108	583	50.134	559
50.158	567	50.184	577
50.210	546	50.235	594
50.260	528	50.285	609
50.311	512	50.337	627
50.361	504	50.387	639
50.412	492	50.438	651
50.463	482	50.488	659
50.514	474	50.539	662
50.564	481	50.590	655
50.615	479	50.641	658
50.665	486	50.691	650
50.717	495	50.742	638
50.767	506	50.792	622
50.818	521	50.844	606
50.868	534	50.894	589
50.919	553	50.945	573
50.970	564	50.995	558
51.021	583	51.046	541
51.071	589	51.096	529
51.122	611	51.148	519
51.172	613	51.198	512
51.223	616	51.249	512
51.274	615	51.299	513
51.325	612	51.350	530
51.375	602	51.401	537
51.426	590	51.452	544
51.476	571	51.502	570
51.528	563	51.553	584
51.578	545	51.603	597
51.629	530	51.655	618
51.679	511	51.705	632
51.730	505	51.756	642
51.781	491	51.806	652
51.832	487	51.857	655
51.882	477	51.907	660
51.933	479	51.959	660
51.983	482	52.009	657
52.034	488	52.060	647
52.085	498	52.110	635
52.136	510	52.161	623
52.186	522	52.212	604
52.237	541	52.263	583
52.287	553	52.313	575
52.339	574	52.364	554
52.389	587	52.414	539
52.440	597	52.466	530
52.490	607	52.516	521
52.541	610	52.567	516
52.592	614	52.617	517
52.643	617	52.668	519
52.693	609	52.718	526
52.744	599	52.770	538
52.794	592	52.820	553
52.845	572	52.871	566
52.896	559	52.921	582
52.947	543	52.972	602
52.997	522	53.023	612
53.048	511	53.074	629
53.098	500	53.124	644
53.150	490	53.175	653
53.200	484	53.225	657
53.251	479	53.277	659
53.301	483	53.327	658
53.352	485	53.378	651
53.403	489	53.428	645
53.454	501	53.479	627
53.504	515	53.530	618
53.555	528	53.581	599
53.605	544	53.631	588
53.656	563	53.682	570
53.707	576	53.732	550
53.758	585	53.783	535
53.809	599	53.834	537
53.859	608	53.885	515
53.910	613	53.935	516
53.961	613	53.986	518
54.012	610	54.036	522
54.062	602	54.088	531
54.113	588	54.138	541
54.163	580	54.189	555
54.215	571	54.239	569
54.265	554	54.290	589
54.316	539	54.341	602
54.366	525	54.392	617
54.417	509	54.442	634
54.467	499	54.493	643
54.519	488	54.543	650
54.569	482	54.594	654
54.620	481	54.645	664
54.670	481	54.696	656
54.721	483	54.746	649
54.772	492	54.797	640
54.823	499	54.847	628
54.873	516	54.899	612
54.924	530	54.949	598
54.974	550	55.000	581
55.026	566	55.050	562
55.076	578	55.101	552
55.127	592	55.152	539
55.177	602	55.203	535
55.228	609	55.253	519
55.278	617	55.304	522
55.330	613	55.354	515
55.380	614	55.405	524
55.431	600	55.456	531
55.481	592	55.507	544
55.532	578	55.557	559
55.583	570	55.608	572
55.634	544	55.658	588
55.684	537	55.710	605
55.735	525	55.760	615
55.785	502	55.811	634
55.837	497	55.861	645
55.887	488	55.912	653
55.938	483	55.963	652
55.988	484	56.014	653
56.039	486	56.064	650
56.090	485	56.115	647
56.141	496	56.165	635
56.191	509	56.216	623
56.242	523	56.267	609
56.292	538	56.318	594
56.343	553	56.368	577
56.394	568	56.419	564
56.445	590	56.469	550
56.495	595	56.521	538
56.546	595	56.571	529
56.596	610	56.622	525
56.648	611	56.672	514
56.698	612	56.723	526
56.749	608	56.774	529
56.799	601	56.825	540
56.850	593	56.876	551
56.901	577	56.926	564
56.952	563	56.977	578
57.002	548	57.027	592
57.053	526	57.079	607
57.103	516	57.129	622
57.154	511	57.180	633
57.205	497	57.230	642
57.256	490	57.281	650
57.306	486	57.332	654
57.357	480	57.383	653
57.407	485	57.433	652
57.459	490	57.484	645
57.509	499	57.534	634
57.560	510	57.586	614
57.610	526	57.636	610
57.661	542	57.687	593
57.712	553	57.737	574
57.763	570	57.788	563
57.813	586	57.838	548
57.864	591	57.890	538
57.914	600	57.940	528
57.965	613	57.991	525
58.016	615	58.041	522
58.067	616	58.092	526
58.117	607	58.143	532
58.168	598	58.194	539
58.218	587	58.244	554
58.270	578	58.295	565
58.320	560	58.345	577
58.371	545	58.397	594
58.421	530	58.447	607
58.472	517	58.498	621
58.523	500	58.548	633
58.574	493	58.599	643
58.624	486	58.650	649
58.675	486	58.701	648
58.725	482	58.751	653
58.776	490	58.802	647
58.827	500	58.852	641
58.878	500	58.903	631
58.928	514	58.954	615
58.979	528	59.005	602
59.029	542	59.055	587
59.081	559	59.106	569
59.131	573	59.156	558
59.182	584	59.208	543
59.232	596	59.258	536
59.283	606	59.309	529
59.334	611	59.359	525
59.385	610	59.410	525
59.435	607	59.461	525
59.486	604	59.512	534
59.536	591	59.562	543
59.587	580	59.613	553
59.638	572	59.663	570
59.689	553	59.714	581
59.739	542	59.765	597
59.790	532	59.816	620
59.840	513	59.866	626
59.892	502	59.917	638
59.942	492	59.967	643
59.993	489	60.019	654
60.043	483	60.069	647
60.094	483	60.120	649
60.145	488	60.170	644
60.196	496	60.221	635
60.246	503	60.272	626
60.297	515	60.323	613
60.347	533	60.373	599
60.398	545	60.424	585
60.449	558	60.474	570
60.500	574	60.525	564
60.550	586	60.576	551
60.601	596	60.627	537
60.651	604	60.677	529
60.703	608	60.728	520
60.753	610	60.778	527
60.804	611	60.830	529
60.854	602	60.880	539
60.905	592	60.931	547
60.956	575	60.981	561
61.007	567	61.032	572
61.057	548	61.083	584
61.108	536	61.134	601
61.158	526	61.184	614
61.210	513	61.235	629
61.260	504	61.285	641
61.311	492	61.336	645
61.361	486	61.387	641
61.412	484	61.438	644
61.462	485	61.488	640
61.514	491	61.539	646
61.564	498	61.589	631
61.615	507	61.641	622
61.665	519	61.691	610
61.716	530	61.742	597
61.767	546	61.792	580
61.818	561	61.843	562
61.868	578	61.894	553
61.919	589	61.945	545
61.969	602	61.995	539
62.021	603	62.046	530
62.071	608	62.096	531
62.122	610	62.147	519
62.172	606	62.198	542
62.223	600	62.249	543
62.273	590	62.299	551
62.325	580	62.350	562
62.375	565	62.400	575
62.426	551	62.452	590
62.476	532	62.502	602
62.527	520	62.553	616
62.578	508	62.603	626
62.629	506	62.654	637
62.679	481	62.705	644
62.730	488	62.756	645
62.780	484	62.806	645
62.832	491	62.857	647
62.882	491	62.907	639
62.933	500	62.958	634
62.983	510	63.009	624
63.034	520	63.060	606
63.084	536	63.110	594
63.136	550	63.161	577
63.186	563	63.211	566
63.237	580	63.263	552
63.287	591	63.313	544
63.338	599	63.364	536
63.389	606	63.414	532
63.440	607	63.465	531
63.490	607	63.516	532
63.541	606	63.567	539
63.591	593	63.617	545
63.643	588	63.668	550
63.693	576	63.718	565
63.744	564	63.770	579
63.794	547	63.820	596
63.845	529	63.871	605
63.895	521	63.921	617
63.947	513	63.972	629
63.997	502	64.022	636
64.048	497	64.074	643
64.098	492	64.124	643
64.149	484	64.175	644
64.200	484	64.225	641
64.251	495	64.276	639
64.301	502	64.327	623
64.352	510	64.378	617
64.402	530	64.428	600
64.454	539	64.479	583
64.504	554	64.529	585
64.555	568	64.581	565
64.605	581	64.631	552
64.656	591	64.682	544
64.706	598	64.732	537
64.758	604	64.783	530
64.808	609	64.833	532
64.859	608	64.885	534
64.909	599	64.935	541
64.960	600	64.986	549
65.011	589	65.036	553
65.062	573	65.087	568
65.112	560	65.138	584
65.163	549	65.189	601
65.213	533	65.239	609
65.265	520	65.290	623
65.315	507	65.340	624
65.366	498	65.392	633
65.416	490	65.442	643
65.467	489	65.493	644
65.517	488	65.543	643
65.569	486	65.594	638
65.619	495	65.644	631
65.670	497	65.696	622
65.720	516	65.746	611
65.771	531	65.797	602
65.823	540	65.847	589
65.873	555	65.898	571
65.924	569	65.949	553
65.974	581	66.000	544
66.025	590	66.050	543
66.076	599	66.101	535
66.127	604	66.151	531
66.177	606	66.203	533
66.228	603	66.253	536
66.278	594	66.304	543
66.330	597	66.354	551
66.380	586	66.405	561
66.431	564	66.455	576
66.481	561	66.507	585
66.532	544	66.557	597
66.582	532	66.608	610
66.634	517	66.658	626
66.684	508	66.709	633
66.735	496	66.760	642
66.785	492	66.811	650
66.836	490	66.861	635
66.887	489	66.912	639
66.938	492	66.962	636
66.988	501	67.014	628
67.039	512	67.064	620
67.089	515	67.115	608
67.141	534	67.165	596
67.191	538	67.216	577
67.242	552	67.266	571
67.292	570	67.318	559
67.343	584	67.368	548
67.393	592	67.419	541
67.445	599	67.469	537
67.495	604	67.520	533
67.546	604	67.571	542
67.596	604	67.622	544
67.647	599	67.672	545
67.698	591	67.723	555
67.749	580	67.773	564
67.799	571	67.825	576
67.850	547	67.875	588
67.900	543	67.926	601
67.952	534	67.976	607
68.002	518	68.027	624
68.053	507	68.077	632
68.103	500	68.129	638
68.154	493	68.179	639
68.204	490	68.230	642
68.256	491	68.280	640
68.306	494	68.331	639
68.357	499	68.382	627
68.407	513	68.433	616
68.458	520	68.483	598
68.509	532	68.534	592
68.560	548	68.584	577
68.610	566	68.636	568
68.661	572	68.686	560
68.711	586	68.737	548
68.763	592	68.787	544
68.813	598	68.838	537
68.864	603	68.888	531
68.914	604	68.940	538
68.965	602	68.991	539
69.015	599	69.041	548
69.067	586	69.092	557
69.117	577	69.142	565
69.168	566	69.194	580
69.218	552	69.244	592
69.269	538	69.295	603
69.320	528	69.345	616
69.371	513	69.396	625
69.421	506	69.447	635
69.472	500	69.498	639
69.522	494	69.548	641
69.574	494	69.599	641
69.624	492	69.649	635
69.675	496	69.701	632
69.725	504	69.751	619
69.776	514	69.802	614
69.826	521	69.852	602
69.878	536	69.903	589
69.928	551	69.953	576
69.979	563	70.005	566
70.029	572	70.055	555
70.080	587	70.106	549
70.131	590	70.156	541
70.182	603	70.207	537
70.232	605	70.258	539
70.283	601	70.309	538
70.333	598	70.359	543
70.385	591	70.410	557
70.435	586	70.460	560
70.486	576	70.512	574
70.536	565	70.562	580
70.587	550	70.613	591
70.637	536	70.663	607
70.689	524	70.714	617
70.739	515	70.764	627
70.790	506	70.816	633
70.840	500	70.866	642
70.891	494	70.917	640
70.942	494	70.967	639
70.993	493	71.018	630
71.043	499	71.069	628
71.094	507	71.120	624
71.144	512	71.170	611
71.196	526	71.221	602
71.246	538	71.271	593
71.297	550	71.323	576
71.347	564	71.373	568
71.398	571	71.424	549
71.448	586	71.474	546
71.500	589	71.525	541
71.550	598	71.575	537
71.601	599	71.627	537
71.651	599	71.677	536
71.702	591	71.728	545
71.753	589	71.778	554
71.804	583	71.829	563
71.854	572	71.880	578
71.905	559	71.931	581
71.955	550	71.981	600
72.007	536	72.032	618
72.057	524	72.082	613
72.108	514	72.134	629
72.158	505	72.184	639
72.209	501	72.235	639
72.259	495	72.285	640
72.311	490	72.336	639
72.361	490	72.386	634
72.412	503	72.438	621
72.462	511	72.488	618
72.513	520	72.539	607
72.564	529	72.589	596
72.615	540	72.640	587
72.666	551	72.691	571
72.716	565	72.742	561
72.767	575	72.792	553
72.818	587	72.843	549
72.869	593	72.893	539
72.919	597	72.945	536
72.970	602	72.995	539
73.020	605	73.046	542
73.072	591	73.096	547
73.122	580	73.147	556
73.173	579	73.197	567
73.223	572	73.249	578
73.274	560	73.299	596
73.324	546	73.350	599
73.376	535	73.400	615
73.426	523	73.451	618
73.477	513	73.502	631
73.527	503	73.553	636
73.578	500	73.603	643
73.629	496	73.654	639
73.680	501	73.704	637
73.730	496	73.756	631
73.781	502	73.806	625
73.831	507	73.857	615
73.883	523	73.907	611
73.933	530	73.958	593
73.984	540	74.008	582
74.034	552	74.060	569
74.085	567	74.110	563
74.135	577	74.161	551
74.187	585	74.211	544
74.237	591	74.262	540
74.288	597	74.313	544
74.338	596	74.364	540
74.389	595	74.414	544
74.440	585	74.465	551
74.491	585	74.515	557
74.541	579	74.567	569
74.592	571	74.617	580
74.642	550	74.668	590
74.694	545	74.718	601
74.744	530	74.769	613
74.795	522	74.819	625
74.845	514	74.871	630
74.896	506	74.921	640
74.946	500	74.972	641
74.998	497	75.022	641
75.048	503	75.073	633
75.099	500	75.124	636
75.149	507	75.175	618
75.200	514	75.225	613
75.251	524	75.276	602
75.302	531	75.326	589
75.352	544	75.378	577
75.403	565	75.428	568
75.453	571	75.479	558
75.505	575	75.529	547
75.555	586	75.580	544
75.606	588	75.630	538
75.656	594	75.682	540
75.707	597	75.733	531
75.757	594	75.783	547
75.809	589	75.834	557
75.859	581	75.884	560
75.910	574	75.936	569
75.960	564	75.986	589
76.011	552	76.037	597
76.062	544	76.087	605
76.113	532	76.138	615
76.163	511	76.189	627
76.214	508	76.240	631
76.264	507	76.290	635
76.316	501	76.341	641
76.366	498	76.391	640
76.417	501	76.443	635
76.467	503	76.493	629
76.518	510	76.544	617
76.568	517	76.594	607
76.620	524	76.645	596
76.670	537	76.695	588
76.721	548	76.747	566
76.771	558	76.797	567
76.822	567	76.848	557
76.873	575	76.898	550
76.924	585	76.949	544
76.974	586	77.000	540
77.025	599	77.051	540
77.075	593	77.101	540
77.127	593	77.152	552
77.177	586	77.202	561
77.228	576	77.254	561
77.278	569	77.304	572
77.329	557	77.355	577
77.379	550	77.405	597
77.431	540	77.456	607
77.481	528	77.506	615
77.532	519	77.558	625
77.582	509	77.608	631
77.633	503	77.659	636
77.684	494	77.709	635
77.735	500	77.760	636
77.785	503	77.811	632
77.836	508	77.862	628
77.886	512	77.912	609
77.938	520	77.963	604
77.988	529	78.013	598
78.039	539	78.065	591
78.089	551	78.115	576
78.140	559	78.166	562
78.190	575	78.216	555
78.242	575	78.267	547
78.292	582	78.317	544
78.343	589	78.369	542
78.393	593	78.419	541
78.444	588	78.470	544
78.495	587	78.520	549
78.546	585	78.571	548
78.596	576	78.622	565
78.647	569	78.673	574
78.697	558	78.723	587
78.749	547	78.774	595
78.799	537	78.824	613
78.850	531	78.876	616
78.900	517	78.926	630
78.951	511	78.977	632
79.002	504	79.027	635
79.053	499	79.078	636
79.103	505	79.128	634
79.154	504	79.180	630
79.204	509	79.230	624
79.255	515	79.281	614
79.306	523	79.331	606
79.357	532	79.382	602
79.407	544	79.433	578
79.458	553	79.484	567
79.508	562	79.534	563
79.560	572	79.585	559
79.610	580	79.635	548
79.661	586	79.687	541
79.711	593	79.737	542
79.762	591	79.788	542
79.813	590	79.838	545
79.864	584	79.889	551
79.914	584	79.939	559
79.965	570	79.991	568
80.015	567	80.041	581
80.066	555	80.092	588
80.117	545	80.142	600
80.168	534	80.193	612
80.219	525	80.244	617
80.269	517	80.295	622
80.320	513	80.345	636
80.371	505	80.396	633
80.422	502	80.446	635
80.472	504	80.498	636
80.523	508	80.548	628
80.573	511	80.599	621
80.625	516	80.649	611
80.675	525	80.700	604
80.726	539	80.750	593
80.776	545	80.802	581
80.827	547	80.852	570
80.877	566	80.903	556
80.929	574	80.953	555
80.979	580	81.004	540
81.030	591	81.055	540
81.080	589	81.106	547
81.131	590	81.156	546
81.182	589	81.207	547
