#Creator: pendulumviewEventBuffer
#Creation time: Sat Apr 16 16:43:29 2011
#Time A	Pos A	Time B	Pos B
#[s]	[au]	[s]	[au]
0.025	657	0.050	712
0.076	655	0.101	711
0.127	656	0.151	711
0.177	659	0.203	702
0.228	637	0.253	687
0.278	617	0.304	668
0.330	606	0.354	643
0.380	581	0.405	616
0.431	557	0.455	585
0.481	526	0.507	562
0.532	498	0.557	530
0.582	473	0.608	505
0.634	455	0.659	480
0.684	437	0.709	459
0.735	424	0.761	447
0.785	420	0.811	442
0.836	419	0.862	443
0.887	426	0.912	454
0.938	439	0.963	468
0.988	445	1.014	489
1.039	474	1.065	512
1.089	497	1.115	543
1.141	522	1.166	573
1.191	552	1.216	602
1.242	575	1.267	630
1.292	599	1.318	653
1.343	619	1.369	677
1.393	636	1.419	695
1.445	648	1.470	704
1.495	652	1.520	710
1.546	653	1.572	707
1.596	649	1.622	699
1.647	636	1.673	683
1.698	620	1.723	663
1.749	599	1.774	638
1.799	575	1.825	611
1.850	549	1.876	581
1.900	524	1.926	552
1.952	497	1.977	524
2.002	475	2.027	496
2.053	457	2.078	473
2.103	438	2.129	459
2.154	426	2.180	449
2.204	421	2.230	445
2.256	419	2.281	445
2.306	426	2.331	456
2.357	444	2.383	474
2.407	455	2.433	493
2.458	478	2.484	518
2.509	494	2.534	551
2.560	521	2.585	576
2.610	547	2.636	600
2.661	574	2.687	632
2.711	597	2.737	664
2.763	619	2.788	678
2.813	635	2.838	696
2.864	646	2.890	705
2.914	652	2.940	709
2.965	654	2.991	704
3.015	640	3.041	694
3.067	636	3.092	680
3.117	618	3.142	661
3.168	594	3.194	636
3.218	568	3.244	614
3.269	550	3.295	577
3.320	523	3.345	546
3.371	495	3.396	522
3.421	474	3.447	493
3.472	454	3.498	477
3.522	439	3.548	459
3.574	428	3.599	449
3.624	414	3.649	449
3.675	423	3.701	450
3.725	427	3.751	461
3.776	443	3.802	476
3.826	456	3.852	496
3.878	479	3.903	521
3.928	501	3.953	548
3.979	522	4.005	577
4.029	556	4.055	607
4.080	575	4.106	632
4.131	596	4.156	662
4.182	620	4.207	679
4.232	630	4.258	694
4.283	645	4.309	702
4.333	652	4.359	701
4.385	649	4.410	701
4.435	644	4.460	692
4.486	630	4.512	678
4.536	612	4.562	655
4.587	597	4.613	632
4.637	574	4.663	599
4.689	549	4.714	576
4.739	520	4.764	538
4.790	497	4.816	521
4.840	473	4.866	492
4.891	453	4.917	473
4.942	439	4.967	463
4.993	430	5.018	452
5.043	428	5.069	450
5.094	425	5.120	451
5.144	427	5.170	463
5.196	438	5.221	479
5.246	461	5.271	506
5.297	481	5.323	525
5.347	503	5.373	552
5.398	529	5.424	580
5.448	550	5.474	608
5.500	577	5.525	635
5.550	596	5.575	656
5.601	618	5.627	677
5.651	630	5.677	695
5.702	643	5.728	700
5.753	648	5.778	702
5.804	645	5.829	691
5.854	641	5.880	688
5.905	631	5.931	672
5.955	613	5.981	651
6.007	596	6.032	629
6.057	576	6.082	601
6.108	543	6.134	572
6.158	524	6.184	544
6.209	495	6.235	519
6.259	472	6.285	493
6.311	454	6.336	479
6.361	440	6.386	460
6.412	431	6.438	451
6.462	422	6.488	452
6.513	423	6.539	456
6.564	433	6.589	465
6.615	445	6.640	484
6.666	459	6.691	504
6.716	482	6.742	529
6.767	505	6.792	558
6.818	523	6.843	584
6.869	552	6.893	611
6.919	576	6.945	637
6.970	599	6.995	659
7.020	618	7.046	677
7.072	629	7.096	690
7.122	639	7.147	698
7.173	646	7.197	703
7.223	645	7.249	693
7.274	642	7.299	683
7.324	626	7.350	667
7.376	610	7.400	649
7.426	591	7.451	623
7.477	565	7.502	595
7.527	541	7.553	569
7.578	518	7.603	538
7.629	492	7.654	517
7.680	472	7.704	494
7.730	454	7.756	476
7.781	440	7.806	463
7.831	429	7.857	455
7.883	427	7.907	456
7.933	428	7.958	461
7.984	435	8.008	471
8.034	446	8.060	494
8.085	463	8.110	509
8.135	486	8.161	533
8.187	497	8.211	555
8.237	531	8.262	586
8.288	553	8.313	612
8.338	574	8.364	638
8.389	597	8.414	661
8.440	621	8.465	678
8.491	637	8.515	693
8.541	641	8.567	697
8.592	648	8.617	697
8.642	642	8.668	688
8.694	635	8.718	682
8.744	624	8.769	664
8.795	608	8.819	646
8.845	589	8.871	620
8.896	567	8.921	592
8.946	544	8.972	565
8.998	510	9.022	540
9.048	493	9.073	517
9.099	470	9.124	494
9.149	452	9.175	477
9.200	441	9.225	465
9.251	427	9.276	454
9.302	427	9.326	450
9.352	429	9.378	463
9.403	437	9.428	475
9.453	449	9.479	499
9.505	464	9.529	515
9.555	487	9.580	536
9.606	509	9.630	562
9.656	532	9.682	589
9.707	555	9.733	614
9.757	580	9.783	639
9.809	603	9.834	662
9.859	623	9.884	677
9.910	631	9.936	688
9.960	642	9.986	694
10.011	645	10.037	697
10.062	640	10.087	686
10.113	632	10.138	679
10.163	621	10.189	662
10.214	605	10.240	643
10.264	580	10.290	616
10.316	562	10.341	592
10.366	539	10.391	564
10.417	514	10.443	539
10.467	491	10.493	514
10.518	478	10.544	495
10.568	458	10.594	477
10.620	436	10.645	470
10.670	431	10.695	460
10.721	429	10.747	460
10.771	432	10.797	472
10.822	439	10.848	482
10.873	450	10.898	489
10.924	465	10.949	512
10.974	488	11.000	540
11.025	510	11.051	562
11.075	533	11.101	591
11.127	560	11.152	616
11.177	586	11.202	641
11.228	604	11.254	661
11.278	620	11.304	675
11.329	626	11.355	686
11.379	639	11.405	691
11.431	644	11.456	692
11.481	640	11.506	684
11.532	632	11.558	674
11.582	619	11.608	656
11.633	603	11.659	637
11.684	581	11.709	612
11.735	559	11.760	586
11.785	535	11.811	562
11.836	514	11.862	538
11.886	490	11.912	513
11.938	469	11.963	495
11.988	448	12.013	478
12.039	443	12.065	468
12.089	437	12.115	464
12.140	432	12.166	464
12.190	425	12.216	468
12.242	440	12.267	475
12.292	457	12.317	488
12.343	469	12.369	519
12.393	489	12.419	548
12.444	512	12.470	563
12.495	540	12.520	595
12.546	559	12.571	620
12.596	578	12.622	640
12.647	602	12.673	659
12.697	615	12.723	677
12.749	627	12.774	684
12.799	631	12.824	691
12.850	641	12.876	688
12.900	638	12.926	682
12.951	629	12.977	670
13.002	617	13.027	654
13.053	600	13.078	638
13.103	580	13.128	608
13.154	558	13.180	583
13.204	534	13.230	551
13.255	509	13.281	536
13.306	492	13.331	513
13.357	467	13.382	494
13.407	452	13.433	481
13.458	434	13.484	469
13.508	432	13.534	468
13.560	431	13.585	466
13.610	440	13.635	472
13.661	443	13.687	488
13.711	455	13.737	503
13.762	471	13.788	525
13.813	492	13.838	537
13.864	515	13.889	575
13.914	537	13.939	589
13.965	562	13.991	618
14.015	583	14.041	641
14.066	596	14.092	660
14.117	616	14.142	673
14.168	630	14.193	681
14.219	644	14.244	687
14.269	641	14.295	687
14.320	635	14.345	679
14.371	626	14.396	669
14.422	613	14.446	653
14.472	600	14.498	631
14.523	577	14.548	607
14.573	556	14.599	587
14.625	532	14.649	565
14.675	507	14.700	531
14.726	486	14.750	513
14.776	468	14.802	494
14.827	452	14.852	480
14.877	435	14.903	473
14.929	431	14.953	468
14.979	434	15.004	469
15.030	430	15.055	475
15.080	442	15.106	494
15.131	457	15.156	505
15.182	472	15.207	521
15.233	498	15.257	544
15.283	517	15.309	574
15.334	540	15.359	598
15.384	561	15.410	621
15.436	584	15.460	639
15.486	603	15.511	659
15.537	617	15.562	673
15.587	625	15.613	679
15.638	631	15.663	686
15.688	638	15.714	684
15.740	634	15.764	678
15.790	625	15.815	664
15.841	614	15.866	648
15.891	593	15.917	628
15.942	577	15.967	606
15.993	557	16.018	577
16.044	529	16.068	560
16.094	507	16.120	533
16.145	484	16.170	518
16.195	464	16.221	496
16.247	452	16.271	481
16.297	440	16.322	473
16.348	437	16.373	467
16.398	433	16.424	471
16.449	442	16.474	479
16.499	441	16.525	491
16.551	460	16.575	508
16.601	476	16.626	526
16.652	493	16.677	549
16.702	519	16.728	573
16.753	541	16.778	594
16.804	565	16.829	618
16.855	585	16.879	640
16.905	598	16.931	656
16.956	614	16.981	671
17.006	629	17.032	683
17.058	634	17.082	684
17.108	635	17.133	682
17.159	628	17.184	674
17.209	621	17.235	660
17.260	619	17.286	642
17.310	587	17.336	626
17.362	572	17.387	602
17.412	549	17.437	580
17.463	528	17.489	556
17.513	504	17.539	539
17.564	483	17.590	514
17.615	465	17.640	496
17.666	450	17.691	482
17.716	442	17.742	474
17.767	438	17.793	471
17.817	430	17.843	479
17.869	438	17.894	481
17.919	446	17.944	497
17.970	455	17.996	511
18.020	476	18.046	530
18.071	504	18.097	551
18.122	521	18.147	569
18.173	543	18.198	598
18.223	564	18.248	622
18.274	586	18.300	639
18.324	604	18.350	663
18.375	619	18.401	667
18.426	630	18.451	679
18.477	634	18.502	681
18.527	640	18.553	677
18.578	631	18.604	671
18.628	614	18.654	658
18.680	606	18.705	643
18.730	581	18.755	625
18.781	566	18.807	600
18.831	551	18.857	576
18.882	524	18.908	552
18.933	501	18.958	537
18.984	482	19.009	515
19.034	463	19.059	497
19.085	450	19.111	485
19.135	440	19.161	470
19.186	437	19.212	474
19.237	435	19.262	472
19.288	440	19.313	477
19.338	458	19.364	497
19.389	466	19.415	513
19.439	481	19.465	530
19.491	504	19.516	549
19.541	524	19.566	576
19.592	545	19.618	599
19.642	568	19.668	623
19.693	589	19.719	642
19.744	605	19.769	652
19.795	618	19.820	669
19.845	629	19.870	671
19.896	633	19.922	680
19.946	633	19.972	676
19.997	627	20.023	669
20.048	616	20.073	656
20.099	604	20.124	639
20.149	583	20.175	622
20.200	567	20.226	600
20.250	543	20.276	577
20.302	522	20.327	556
20.352	496	20.377	534
20.403	480	20.429	508
20.453	467	20.479	495
20.504	450	20.530	485
20.555	441	20.580	480
20.606	438	20.631	476
20.656	441	20.682	478
20.707	443	20.733	488
20.757	458	20.783	497
20.808	469	20.834	515
20.859	487	20.884	534
20.910	506	20.935	554
20.961	522	20.986	586
21.011	549	21.037	601
21.062	567	21.087	624
21.113	588	21.138	640
21.164	605	21.188	651
21.214	617	21.240	664
21.265	626	21.290	673
21.315	628	21.341	681
21.367	630	21.391	675
21.417	625	21.442	670
21.468	604	21.493	655
21.518	602	21.544	639
21.569	577	21.594	618
21.619	555	21.645	598
21.671	541	21.695	579
21.721	511	21.746	552
21.772	498	21.797	530
21.822	480	21.848	511
21.873	463	21.898	497
21.924	450	21.949	486
21.975	442	21.999	481
22.025	439	22.051	475
22.076	439	22.101	478
22.126	446	22.152	489
22.178	454	22.202	501
22.228	476	22.253	517
22.279	483	22.304	541
22.329	510	22.355	558
22.380	529	22.405	580
22.430	551	22.456	605
22.482	566	22.506	623
22.532	590	22.557	642
22.583	605	22.608	651
22.633	618	22.659	669
22.684	625	22.709	675
22.735	629	22.760	673
22.786	628	22.810	675
22.836	622	22.862	663
22.887	612	22.912	652
22.937	595	22.963	635
22.989	582	23.013	616
23.039	565	23.064	595
23.090	539	23.115	572
23.140	520	23.166	554
23.191	494	23.216	526
23.242	479	23.267	511
23.293	463	23.317	496
23.343	451	23.368	488
23.394	444	23.419	477
23.444	440	23.470	486
23.495	440	23.520	481
23.546	445	23.571	491
23.597	458	23.621	503
23.647	480	23.673	517
23.698	485	23.723	539
23.748	513	23.774	559
23.800	522	23.824	581
23.850	556	23.875	602
23.901	571	23.926	624
23.951	585	23.977	643
24.002	605	24.028	654
24.053	620	24.078	667
24.104	624	24.129	674
24.154	627	24.179	676
24.205	625	24.231	678
24.255	619	24.281	668
24.306	608	24.332	645
24.357	594	24.382	632
24.408	579	24.433	614
24.458	550	24.484	594
24.509	540	24.535	571
24.559	513	24.585	551
24.611	490	24.636	529
24.661	479	24.686	512
24.712	468	24.738	497
24.762	451	24.788	485
24.813	444	24.839	478
24.864	441	24.889	473
24.915	443	24.940	483
24.965	449	24.990	496
25.016	462	25.042	505
25.066	477	25.092	518
25.117	497	25.143	541
25.168	511	25.193	562
25.219	532	25.244	583
25.269	550	25.295	605
25.320	573	25.346	620
25.370	590	25.396	636
25.422	607	25.447	656
25.472	617	25.497	667
25.523	622	25.549	672
25.573	628	25.599	676
25.624	623	25.650	674
25.675	615	25.700	660
25.726	606	25.751	645
25.776	590	25.802	631
25.827	573	25.853	614
25.877	550	25.903	588
25.928	537	25.954	569
25.979	513	26.004	549
26.030	499	26.055	522
26.080	473	26.106	512
26.131	462	26.157	498
26.181	451	26.207	488
26.233	444	26.258	484
26.283	442	26.308	480
26.334	445	26.360	489
26.384	452	26.410	493
26.435	463	26.461	503
26.486	478	26.511	527
26.537	495	26.562	543
26.587	514	26.613	563
26.638	537	26.664	583
26.688	555	26.714	606
26.739	575	26.765	625
26.790	589	26.815	643
26.841	609	26.866	656
26.891	613	26.917	665
26.942	620	26.968	669
26.992	622	27.018	672
27.044	619	27.069	670
27.094	612	27.119	658
27.145	601	27.171	642
27.195	582	27.221	632
27.246	569	27.272	612
27.297	551	27.322	590
27.348	535	27.373	565
27.398	512	27.424	547
27.449	500	27.475	528
27.499	477	27.525	507
27.550	458	27.576	499
27.601	452	27.626	489
27.652	444	27.677	479
27.702	444	27.728	486
27.753	446	27.779	486
27.803	455	27.829	499
27.855	466	27.880	507
27.905	480	27.930	529
27.956	496	27.982	543
28.006	519	28.032	564
28.057	533	28.083	587
28.108	555	28.133	608
28.159	575	28.184	626
28.209	592	28.235	649
28.260	601	28.286	656
28.310	610	28.336	665
28.362	621	28.387	672
28.412	619	28.437	675
28.463	618	28.488	664
28.513	609	28.539	658
28.564	597	28.590	643
28.614	581	28.640	629
28.666	566	28.691	609
28.716	553	28.741	587
28.767	527	28.793	571
28.817	509	28.843	546
28.868	495	28.894	528
28.919	476	28.944	510
28.970	462	28.995	499
29.020	447	29.046	491
29.071	448	29.097	484
29.121	444	29.147	484
29.173	449	29.198	489
29.223	457	29.248	500
29.274	473	29.299	518
29.324	482	29.350	533
29.375	500	29.401	544
29.425	518	29.451	570
29.477	536	29.502	588
29.527	560	29.552	605
29.578	574	29.604	626
29.628	593	29.654	643
29.679	604	29.705	655
29.730	611	29.755	664
29.781	608	29.806	670
29.831	619	29.857	668
29.882	612	29.908	671
29.932	606	29.958	651
29.984	594	30.009	640
30.034	579	30.059	630
30.085	564	30.110	604
30.135	545	30.161	588
30.186	526	30.212	566
30.236	505	30.262	543
30.288	492	30.313	527
30.338	474	30.363	510
30.389	453	30.415	497
30.439	453	30.465	490
30.490	433	30.516	488
30.541	447	30.566	487
30.592	451	30.617	493
30.642	461	30.668	498
30.693	470	30.719	513
30.743	484	30.769	525
30.795	497	30.820	551
30.845	519	30.870	572
30.896	538	30.922	591
30.946	556	30.972	610
30.997	575	31.023	628
31.047	592	31.073	641
31.099	595	31.124	655
31.149	613	31.174	663
31.200	609	31.226	667
31.250	617	31.276	667
31.301	613	31.327	661
31.352	604	31.377	652
31.403	592	31.428	642
31.453	583	31.479	626
31.504	561	31.530	597
31.554	542	31.580	584
31.606	527	31.631	558
31.656	505	31.681	543
31.707	489	31.733	526
31.757	471	31.783	511
31.808	463	31.834	499
31.858	452	31.884	490
31.910	447	31.935	488
31.960	447	31.985	486
32.011	453	32.037	488
32.061	460	32.087	498
32.112	474	32.138	510
32.163	486	32.188	528
32.214	503	32.239	556
32.264	522	32.290	570
32.315	539	32.341	592
32.365	559	32.391	620
32.417	574	32.442	628
32.467	578	32.492	645
32.518	602	32.544	655
32.568	606	32.594	662
32.619	608	32.645	665
32.669	609	32.695	666
32.721	606	32.746	660
32.771	601	32.796	649
32.822	590	32.848	635
32.872	573	32.898	619
32.923	558	32.949	594
32.975	541	32.999	586
33.025	522	33.050	563
33.076	497	33.101	542
33.126	487	33.152	525
33.177	473	33.202	510
33.228	465	33.253	501
33.279	446	33.303	492
33.329	446	33.355	489
33.380	454	33.405	489
33.430	454	33.456	492
33.482	463	33.506	507
33.532	474	33.557	518
33.583	488	33.607	540
33.633	511	33.659	553
33.684	523	33.709	574
33.734	540	33.760	593
33.786	557	33.810	616
33.836	576	33.861	630
33.887	590	33.912	644
33.937	599	33.963	656
33.988	611	34.013	660
34.039	612	34.064	666
34.090	607	34.114	663
34.140	606	34.166	658
34.191	599	34.216	647
34.241	585	34.267	636
34.293	572	34.317	622
34.343	556	34.368	602
34.394	539	34.418	583
34.444	521	34.470	563
34.495	506	34.520	540
34.545	489	34.571	523
34.597	475	34.621	508
34.647	460	34.672	500
34.698	460	34.723	493
34.748	459	34.774	488
34.799	450	34.824	491
34.850	455	34.875	502
34.901	464	34.925	507
34.951	477	34.977	524
35.002	490	35.027	537
35.052	506	35.078	552
35.104	524	35.128	580
35.154	541	35.179	593
35.205	559	35.229	615
35.255	576	35.281	631
35.306	587	35.331	649
35.356	603	35.382	657
35.408	607	35.432	662
35.458	607	35.483	664
35.509	610	35.534	664
35.559	604	35.585	654
35.610	595	35.635	646
35.661	583	35.686	632
35.712	569	35.736	615
35.762	553	35.788	600
35.813	542	35.838	569
35.863	517	35.889	559
35.915	501	35.939	540
35.965	487	35.990	522
36.016	471	36.040	509
36.066	459	36.092	499
36.117	448	36.143	495
36.167	450	36.193	491
36.219	448	36.244	492
36.269	462	36.294	500
36.320	466	36.346	517
36.370	478	36.396	527
36.421	493	36.447	539
36.472	508	36.497	558
36.523	525	36.548	576
36.573	543	36.599	598
36.624	558	36.650	615
36.674	572	36.700	632
36.726	590	36.751	645
36.776	597	36.801	656
36.827	604	36.853	661
36.877	616	36.903	663
36.928	609	36.954	660
36.978	601	37.004	652
37.030	591	37.055	638
37.080	581	37.105	626
37.131	568	37.157	610
37.181	552	37.207	598
37.232	539	37.258	572
37.283	517	37.308	559
37.334	502	37.359	537
37.384	480	37.410	525
37.435	475	37.461	509
37.485	460	37.511	499
37.537	461	37.562	496
37.587	458	37.612	498
37.638	456	37.664	494
37.688	458	37.714	503
37.739	465	37.765	519
37.789	479	37.815	528
37.841	493	37.866	546
37.891	509	37.916	562
37.942	526	37.968	578
37.992	541	38.018	603
38.043	559	38.069	617
38.094	575	38.119	633
38.145	588	38.170	644
38.195	592	38.221	654
38.246	602	38.272	660
38.296	599	38.322	659
38.348	604	38.373	660
38.398	602	38.423	649
38.449	591	38.475	638
38.499	581	38.525	624
38.550	566	38.576	612
38.600	548	38.626	590
38.652	532	38.677	571
38.702	516	38.727	556
38.753	499	38.779	536
38.803	480	38.829	521
38.854	476	38.880	509
38.905	465	38.930	499
38.956	464	38.981	496
39.006	456	39.032	496
39.057	459	39.083	499
39.107	462	39.133	510
39.159	474	39.184	517
39.209	482	39.234	530
39.260	496	39.286	544
39.310	512	39.336	567
39.361	527	39.387	579
39.411	548	39.437	596
39.463	559	39.488	618
39.513	574	39.538	633
39.564	588	39.590	645
39.614	598	39.640	652
39.665	604	39.691	658
39.716	609	39.741	658
39.767	601	39.792	656
39.818	598	39.843	650
39.868	590	39.894	637
39.919	577	39.944	622
39.970	565	39.995	598
40.021	550	40.045	588
40.071	534	40.097	575
40.122	514	40.147	556
40.172	499	40.198	537
40.224	485	40.248	522
40.274	474	40.299	509
40.325	466	40.349	499
40.375	463	40.401	496
40.426	456	40.451	495
40.476	462	40.502	499
40.528	464	40.552	508
40.578	468	40.603	518
40.629	482	40.654	534
40.679	497	40.705	546
40.730	511	40.755	566
40.781	530	40.806	589
40.832	545	40.856	600
40.882	560	40.908	617
40.933	571	40.958	632
40.983	592	41.009	646
41.035	594	41.059	656
41.085	606	41.110	657
41.136	602	41.160	653
41.186	597	41.212	653
41.237	593	41.262	646
41.287	587	41.313	638
41.339	578	41.363	620
41.389	562	41.414	605
41.440	547	41.465	583
41.490	531	41.516	561
41.541	513	41.566	554
41.592	498	41.617	533
41.643	484	41.667	521
41.693	472	41.719	508
41.744	465	41.769	502
41.794	460	41.820	498
41.846	461	41.870	493
41.896	455	41.921	503
41.947	462	41.971	509
41.997	468	42.023	522
42.048	486	42.073	536
42.098	499	42.124	549
42.150	513	42.174	574
42.200	530	42.225	585
42.251	541	42.276	609
42.301	560	42.327	624
42.352	575	42.377	633
42.403	585	42.428	650
42.454	596	42.478	652
42.504	600	42.530	655
42.555	604	42.580	656
42.605	597	42.631	651
42.657	592	42.681	642
42.707	583	42.732	630
42.758	576	42.782	617
42.808	561	42.834	596
42.859	544	42.885	581
42.909	528	42.935	567
42.961	512	42.986	544
43.011	497	43.036	529
43.062	484	43.088	526
43.112	477	43.138	511
43.163	465	43.189	502
43.214	453	43.239	499
43.265	461	43.290	501
43.315	459	43.341	504
43.366	465	43.392	512
43.416	470	43.442	517
43.468	482	43.493	539
43.518	504	43.543	552
43.569	515	43.595	569
43.619	530	43.645	588
43.670	547	43.696	608
43.720	561	43.746	617
43.772	574	43.797	637
43.822	584	43.847	648
43.873	594	43.899	651
43.923	603	43.949	654
43.974	599	44.000	654
44.025	594	44.050	649
44.076	595	44.101	640
44.126	582	44.152	632
44.177	574	44.203	614
44.227	555	44.253	601
44.279	543	44.304	579
44.329	528	44.354	570
44.380	512	44.406	546
44.430	498	44.456	533
44.481	483	44.507	516
44.531	473	44.557	509
44.583	465	44.608	503
44.633	457	44.658	501
44.684	456	44.710	503
44.734	464	44.760	508
44.785	461	44.811	515
44.836	473	44.861	527
44.887	483	44.912	542
44.937	501	44.963	555
44.988	516	45.014	575
45.038	531	45.064	593
45.090	547	45.115	602
45.140	563	45.165	616
45.191	568	45.217	635
45.241	587	45.267	643
45.292	593	45.318	649
45.342	602	45.368	647
45.394	600	45.419	650
45.444	595	45.469	645
45.495	589	45.521	639
45.545	587	45.571	625
45.596	568	45.622	612
45.647	557	45.672	596
45.698	539	45.723	579
45.748	526	45.774	563
45.799	511	45.825	546
45.849	494	45.875	525
45.901	483	45.926	519
45.951	472	45.976	515
46.002	464	46.028	504
46.052	461	46.078	504
46.103	458	46.129	504
46.154	463	46.179	510
46.205	470	46.230	518
46.255	478	46.280	529
46.306	490	46.332	543
46.356	501	46.382	557
46.407	516	46.433	575
46.458	533	46.483	591
46.509	548	46.534	603
46.559	562	46.585	619
46.610	577	46.636	628
46.660	585	46.686	644
46.712	593	46.737	656
46.762	597	46.787	644
46.813	598	46.839	648
46.863	591	46.889	643
46.914	588	46.940	634
46.965	575	46.990	623
47.016	566	47.041	610
47.066	553	47.091	588
47.117	540	47.143	578
47.167	524	47.193	562
47.218	510	47.244	550
47.269	495	47.294	532
47.320	482	47.345	530
47.371	473	47.396	509
47.421	464	47.447	506
47.472	461	47.497	503
47.523	462	47.548	507
47.574	461	47.598	512
47.624	469	47.650	521
47.675	476	47.700	531
47.725	492	47.751	546
47.777	503	47.801	560
47.827	517	47.852	577
47.878	533	47.902	593
47.928	551	47.954	605
47.979	563	48.004	620
48.029	576	48.055	631
48.081	585	48.105	645
48.131	599	48.156	644
48.182	596	48.207	646
48.232	595	48.258	645
48.283	593	48.308	642
48.334	589	48.359	631
48.385	582	48.409	620
48.435	561	48.461	607
48.486	554	48.511	593
48.536	533	48.562	574
48.588	522	48.612	561
48.638	507	48.663	547
48.689	494	48.714	532
48.739	481	48.765	524
48.790	472	48.815	508
48.840	466	48.866	508
48.892	462	48.916	507
48.942	462	48.967	510
48.993	465	49.018	515
49.043	472	49.069	523
49.094	482	49.119	534
49.145	496	49.170	548
49.196	501	49.220	562
49.246	523	49.272	579
49.297	536	49.322	594
49.347	545	49.373	608
49.399	565	49.423	620
49.449	576	49.474	638
49.500	585	49.525	641
49.550	591	49.576	649
49.601	596	49.626	650
49.651	595	49.677	646
49.703	591	49.727	638
49.753	581	49.778	628
49.804	583	49.829	623
49.854	564	49.880	603
49.905	555	49.930	592
49.956	537	49.981	576
50.007	528	50.031	560
50.057	503	50.083	547
50.108	495	50.133	533
50.158	481	50.184	522
50.210	471	50.234	510
50.260	465	50.285	510
50.311	463	50.336	512
50.361	464	50.387	513
50.412	467	50.438	515
50.462	473	50.488	523
50.514	486	50.539	536
50.564	495	50.589	550
50.615	504	50.641	567
50.665	530	50.691	579
50.716	538	50.742	595
50.767	559	50.792	610
50.818	565	50.843	621
50.868	574	50.894	633
50.919	587	50.945	637
50.969	590	50.995	644
51.021	594	51.046	641
51.071	598	51.096	646
51.122	593	51.148	641
51.172	584	51.198	631
51.223	573	51.249	610
51.274	562	51.299	602
51.325	545	51.350	588
51.375	531	51.400	573
51.426	519	51.452	559
51.476	507	51.502	545
51.527	492	51.553	534
51.578	482	51.603	520
51.629	468	51.654	517
51.679	467	51.705	504
51.730	464	51.756	506
51.780	464	51.806	516
51.832	467	51.857	507
51.882	475	51.907	532
51.933	486	51.959	540
51.983	495	52.009	552
52.034	509	52.060	566
52.085	530	52.110	582
52.136	538	52.161	594
52.186	548	52.211	609
52.237	570	52.263	621
52.287	572	52.313	631
52.338	586	52.364	638
52.389	591	52.414	644
52.440	594	52.465	640
52.490	591	52.516	645
52.541	588	52.567	637
52.591	582	52.617	617
52.643	571	52.668	620
52.693	561	52.718	603
52.744	546	52.770	588
52.794	534	52.820	574
52.845	514	52.871	558
52.896	503	52.921	545
52.947	489	52.972	533
52.997	481	53.022	522
53.048	470	53.074	512
53.098	467	53.124	512
53.149	470	53.175	519
53.200	466	53.225	517
53.251	469	53.276	524
53.301	477	53.327	528
53.352	485	53.378	538
53.402	501	53.428	552
53.454	512	53.479	563
53.504	524	53.529	580
53.555	535	53.581	598
53.605	556	53.631	609
53.656	574	53.682	621
53.707	576	53.732	631
53.758	584	53.783	637
53.808	588	53.834	642
53.859	594	53.885	641
53.909	589	53.935	638
53.960	585	53.986	634
54.011	582	54.036	623
54.062	570	54.087	618
54.113	558	54.138	594
54.163	545	54.189	584
54.214	529	54.239	571
54.265	514	54.290	558
54.316	505	54.340	545
54.366	484	54.392	540
54.417	475	54.442	525
54.467	469	54.493	511
54.519	472	54.543	510
54.569	466	54.594	512
54.620	465	54.645	516
54.670	472	54.696	528
54.721	479	54.746	532
54.771	490	54.797	538
54.823	501	54.847	554
54.873	513	54.898	573
54.924	529	54.949	579
54.974	537	55.000	601
55.025	554	55.050	606
55.076	567	55.101	621
55.127	578	55.151	630
55.177	587	55.203	638
55.228	593	55.253	645
55.278	590	55.304	637
55.330	588	55.354	641
55.380	581	55.405	633
55.431	577	55.456	622
55.481	567	55.507	612
55.532	555	55.557	601
55.582	543	55.608	580
55.634	529	55.658	573
55.684	515	55.709	551
55.735	502	55.760	542
55.785	485	55.811	532
55.836	480	55.861	525
55.887	471	55.912	518
55.938	472	55.962	514
55.988	465	56.014	516
56.039	477	56.064	518
56.089	474	56.115	519
56.141	476	56.165	539
56.191	491	56.216	545
56.242	503	56.267	553
56.292	513	56.318	565
56.343	530	56.368	583
56.394	547	56.419	600
56.445	557	56.469	604
56.495	567	56.520	619
56.546	573	56.571	630
56.596	585	56.622	635
56.647	590	56.672	639
56.698	591	56.723	639
56.749	588	56.773	635
56.799	584	56.825	629
56.850	570	56.875	616
56.900	568	56.926	612
56.952	553	56.976	596
57.002	540	57.027	580
57.053	528	57.078	558
57.103	512	57.129	542
57.154	500	57.180	542
57.205	489	57.230	530
57.256	480	57.281	527
57.306	468	57.331	520
57.357	474	57.383	516
57.407	465	57.433	516
57.458	467	57.484	524
57.509	477	57.534	525
57.560	491	57.585	535
57.610	493	57.636	544
57.661	507	57.687	555
57.711	518	57.737	570
57.763	531	57.788	583
57.813	546	57.838	594
57.864	558	57.890	607
57.914	564	57.940	625
57.965	566	57.991	625
58.016	584	58.041	635
58.067	586	58.092	637
58.117	590	58.142	637
58.168	587	58.194	634
58.218	576	58.244	629
58.269	569	58.295	618
58.320	566	58.345	608
58.371	546	58.396	596
58.421	538	58.447	582
58.472	525	58.498	569
58.522	512	58.548	558
58.574	500	58.599	537
58.624	489	58.649	536
58.675	481	58.701	529
58.725	471	58.751	521
58.776	471	58.802	517
58.827	472	58.852	518
58.878	475	58.903	521
58.928	470	58.954	529
58.979	482	59.005	541
59.029	496	59.055	546
59.080	508	59.106	560
59.131	516	59.156	567
59.182	533	59.207	586
59.232	545	59.258	599
59.283	561	59.309	605
59.333	568	59.359	628
59.385	577	59.410	629
59.435	575	59.460	632
59.486	586	59.512	637
59.536	585	59.562	636
59.587	582	59.613	628
59.638	578	59.663	627
59.689	581	59.714	618
59.739	560	59.765	606
59.790	554	59.816	597
59.840	535	59.866	581
59.891	523	59.917	569
59.942	510	59.967	556
59.993	498	60.018	542
60.043	488	60.069	535
60.094	484	60.120	515
60.144	475	60.170	521
60.196	473	60.221	514
60.246	473	60.271	518
60.297	475	60.323	522
60.347	477	60.373	528
60.398	489	60.424	534
60.449	494	60.474	549
60.500	511	60.525	560
60.550	517	60.576	572
60.601	535	60.627	587
60.651	549	60.677	599
60.702	559	60.728	610
60.753	563	60.778	623
60.804	577	60.829	629
60.854	577	60.880	640
60.905	581	60.931	631
60.955	584	60.981	637
61.007	582	61.032	631
61.057	581	61.082	625
61.108	567	61.134	611
61.158	554	61.184	604
61.209	544	61.235	591
61.260	533	61.285	574
61.311	518	61.336	566
61.361	501	61.387	553
61.412	495	61.438	539
61.462	490	61.488	534
61.514	483	61.539	524
61.564	476	61.589	533
61.615	474	61.640	526
61.665	473	61.691	521
61.716	469	61.742	532
61.766	482	61.792	527
61.818	491	61.843	538
61.868	499	61.893	548
61.919	510	61.945	563
61.969	521	61.995	570
62.020	534	62.046	587
62.071	550	62.096	601
62.122	560	62.147	610
62.172	563	62.198	625
62.223	575	62.249	627
62.273	581	62.299	634
62.325	584	62.350	629
62.375	583	62.400	634
62.426	581	62.451	634
62.476	581	62.502	618
62.527	563	62.553	605
62.577	557	62.603	603
62.629	546	62.654	589
62.679	535	62.704	578
62.730	521	62.756	564
62.780	504	62.806	552
62.831	497	62.857	543
62.882	488	62.907	535
62.933	493	62.958	527
62.983	477	63.009	526
63.034	475	63.060	520
63.084	475	63.110	519
63.136	481	63.161	524
63.186	484	63.211	524
63.237	492	63.262	546
63.287	506	63.313	550
63.338	508	63.364	565
63.388	525	63.414	575
63.440	536	63.465	589
63.490	549	63.515	602
63.541	557	63.567	611
63.591	561	63.617	624
63.642	575	63.668	627
63.693	580	63.718	632
63.744	582	63.769	632
63.794	582	63.820	628
63.845	578	63.871	629
63.895	574	63.921	616
63.947	565	63.972	615
63.997	555	64.022	605
64.048	543	64.074	589
64.098	532	64.124	577
64.149	518	64.175	564
64.199	512	64.225	553
64.251	499	64.276	545
64.301	491	64.326	533
64.352	476	64.378	522
64.402	483	64.428	523
64.453	476	64.479	521
64.504	477	64.529	523
64.555	486	64.580	528
64.605	486	64.631	533
64.656	495	64.682	546
64.706	504	64.732	559
64.758	515	64.783	566
64.808	519	64.833	576
64.859	541	64.885	590
64.909	549	64.935	602
64.960	558	64.986	611
65.010	569	65.036	619
65.062	572	65.087	626
65.112	584	65.137	630
65.163	580	65.189	631
65.213	579	65.239	627
65.264	576	65.290	625
65.315	564	65.340	620
65.366	563	65.391	607
65.416	559	65.442	596
65.467	543	65.493	593
65.517	531	65.543	574
65.569	511	65.594	557
65.619	509	65.644	550
65.670	498	65.696	548
65.720	491	65.746	528
65.771	482	65.797	527
65.821	482	65.847	523
65.873	487	65.898	521
65.923	474	65.948	519
65.974	487	66.000	528
66.024	490	66.050	534
66.075	496	66.101	543
66.127	508	66.151	547
66.177	516	66.202	573
66.228	528	66.253	575
66.278	538	66.304	588
66.329	551	66.354	601
66.380	560	66.405	616
66.431	565	66.455	619
66.481	577	66.507	625
66.532	574	66.557	631
66.582	583	66.608	631
66.634	591	66.658	629
66.684	581	66.709	625
66.735	568	66.759	617
66.785	560	66.811	610
66.836	550	66.861	599
66.886	541	66.912	590
66.938	529	66.962	580
66.988	519	67.013	570
67.039	508	67.064	550
67.089	499	67.115	544
67.140	481	67.165	537
67.191	485	67.216	520
67.242	482	67.266	520
67.292	482	67.318	522
67.343	483	67.368	524
67.393	489	67.419	527
67.445	489	67.469	534
67.495	499	67.520	544
67.546	507	67.570	559
67.596	519	67.622	567
67.647	530	67.672	575
67.697	540	67.723	595
67.749	551	67.773	600
67.799	564	67.824	611
67.850	568	67.875	619
67.900	574	67.926	625
67.951	575	67.976	631
68.002	579	68.027	632
68.053	578	68.077	628
68.103	573	68.129	623
68.154	560	68.179	618
68.204	556	68.230	607
68.256	548	68.280	599
68.306	541	68.331	594
68.357	529	68.381	570
68.407	517	68.433	556
68.458	507	68.483	553
68.508	492	68.534	539
68.560	492	68.584	541
68.610	486	68.635	536
68.661	481	68.686	527
68.711	482	68.737	524
68.762	483	68.787	526
68.813	483	68.838	532
68.864	495	68.888	538
68.914	504	68.940	548
68.965	512	68.990	558
69.015	518	69.041	568
69.067	530	69.091	582
69.117	541	69.142	595
69.168	551	69.192	609
69.218	562	69.244	605
69.269	567	69.295	617
69.319	572	69.345	619
69.371	575	69.396	624
69.421	575	69.446	631
69.472	575	69.498	625
69.522	575	69.548	621
69.573	560	69.599	611
69.624	549	69.649	606
69.675	553	69.700	594
69.725	546	69.751	583
69.776	526	69.802	572
69.826	519	69.852	557
69.878	508	69.903	550
69.928	499	69.953	544
69.979	493	70.005	528
70.029	487	70.055	533
70.080	484	70.106	518
70.130	483	70.156	528
70.182	486	70.207	527
70.232	482	70.257	533
70.283	487	70.309	542
70.333	500	70.359	549
70.384	512	70.410	559
70.435	517	70.460	571
70.486	527	70.511	587
70.536	542	70.562	594
70.587	550	70.613	604
70.637	557	70.663	621
70.689	567	70.714	622
70.739	572	70.764	628
70.790	575	70.816	620
70.840	575	70.866	623
70.891	572	70.917	620
70.941	570	70.967	619
70.993	560	71.018	611
71.043	553	71.068	602
71.094	545	71.120	592
71.144	541	71.170	581
71.195	533	71.221	570
71.246	519	71.271	557
71.297	508	71.322	545
71.347	500	71.373	535
71.398	493	71.424	535
71.448	486	71.474	532
71.500	487	71.525	525
71.550	485	71.575	527
71.601	487	71.627	530
71.651	491	71.677	535
71.702	496	71.728	540
71.752	504	71.778	551
71.804	513	71.829	561
71.854	528	71.879	571
71.905	530	71.931	584
71.955	540	71.981	595
72.006	549	72.032	603
72.057	559	72.082	614
72.108	565	72.133	619
72.158	571	72.184	625
72.209	573	72.235	624
72.259	575	72.285	626
72.311	573	72.336	625
72.361	570	72.386	615
72.412	563	72.438	608
72.462	555	72.488	601
72.513	546	72.539	591
72.563	537	72.589	580
72.615	519	72.640	569
72.665	517	72.690	559
72.716	511	72.742	546
72.766	498	72.792	539
72.817	491	72.843	534
72.868	489	72.893	531
72.919	492	72.944	529
72.970	487	72.995	531
73.020	489	73.046	529
73.071	493	73.096	534
73.122	498	73.147	546
73.173	502	73.197	553
73.223	513	73.249	562
73.274	524	73.299	575
73.324	534	73.350	585
73.376	543	73.400	596
73.426	554	73.451	606
73.477	560	73.501	613
73.527	570	73.553	619
73.578	569	73.603	621
73.628	574	73.654	626
73.680	573	73.704	626
73.730	572	73.755	623
73.781	568	73.806	626
73.831	560	73.857	613
73.882	554	73.907	605
73.933	545	73.958	586
73.984	535	74.008	579
74.034	522	74.060	567
74.085	514	74.110	557
74.135	504	74.161	548
74.187	498	74.211	538
74.237	497	74.262	534
74.288	491	74.312	531
74.338	488	74.364	531
74.389	486	74.414	521
74.439	493	74.465	534
74.491	493	74.515	549
74.541	500	74.566	541
74.592	510	74.617	552
74.642	515	74.668	557
74.693	525	74.718	582
74.744	534	74.769	583
74.795	541	74.819	596
74.845	547	74.871	605
74.896	563	74.921	612
74.946	571	74.972	619
74.998	570	75.022	621
75.048	572	75.073	623
75.099	573	75.123	623
75.149	570	75.175	618
75.200	567	75.225	614
75.250	562	75.276	606
75.302	552	75.326	596
75.352	544	75.377	586
75.403	535	75.428	579
75.453	525	75.479	559
75.504	516	75.529	558
75.555	501	75.580	546
75.606	500	75.630	540
75.656	495	75.682	534
75.707	494	75.732	530
75.757	487	75.783	530
75.809	493	75.833	531
75.859	494	75.884	533
75.910	496	75.934	544
75.960	500	75.986	553
76.011	509	76.037	558
76.061	516	76.087	565
76.113	520	76.138	575
76.163	535	76.188	588
76.214	544	76.240	599
76.264	553	76.290	606
76.315	559	76.341	613
76.366	564	76.391	619
76.417	567	76.442	622
76.467	571	76.493	624
76.518	568	76.544	621
76.568	568	76.594	622
76.620	565	76.645	609
76.670	560	76.695	601
76.721	551	76.747	599
76.771	543	76.797	583
76.822	534	76.848	575
76.872	525	76.898	572
76.924	516	76.949	560
76.974	508	76.999	550
77.025	502	77.051	545
77.075	490	77.101	536
77.126	492	77.152	533
77.177	492	77.202	531
77.228	488	77.253	534
77.278	490	77.304	537
77.329	495	77.355	543
77.379	503	77.405	551
77.431	509	77.456	559
77.481	519	77.506	568
77.532	531	77.558	577
77.582	536	77.608	582
77.633	544	77.659	589
77.683	552	77.709	604
77.735	556	77.760	611
77.785	564	77.810	616
77.836	569	77.862	619
77.886	565	77.912	621
77.937	569	77.963	620
77.988	567	78.013	616
78.039	562	78.064	608
78.089	555	78.115	602
78.140	552	78.166	593
78.190	542	78.216	582
78.242	533	78.267	574
78.292	524	78.317	564
78.343	520	78.369	551
78.393	509	78.419	550
78.444	500	78.470	535
78.494	494	78.520	533
78.546	489	78.571	527
78.596	490	78.621	535
78.647	492	78.673	534
78.697	495	78.723	538
78.748	495	78.774	544
78.799	504	78.824	550
78.850	508	78.875	561
78.900	520	78.926	570
78.951	529	78.977	581
79.001	538	79.027	590
79.053	546	79.078	604
79.103	553	79.128	606
79.154	560	79.180	610
79.204	563	79.230	614
79.255	562	79.281	619
79.306	570	79.331	619
79.357	573	79.382	617
79.407	568	79.432	613
79.458	567	79.484	607
79.508	552	79.534	600
79.559	550	79.585	591
79.610	547	79.635	582
79.661	535	79.686	573
79.711	520	79.737	563
79.762	517	79.788	561
79.812	507	79.838	542
79.864	502	79.889	544
79.914	497	79.939	531
79.965	497	79.991	537
80.015	492	80.041	538
80.066	492	80.092	535
80.117	495	80.142	534
80.168	499	80.193	548
80.218	503	80.243	556
80.269	505	80.295	562
80.319	515	80.345	571
80.370	527	80.396	581
80.421	537	80.446	590
80.472	548	80.497	602
80.523	553	80.548	605
80.573	560	80.599	612
80.624	570	80.649	617
80.675	568	80.700	617
80.726	574	80.750	617
80.776	569	80.802	612
80.827	566	80.852	612
80.877	562	80.903	606
80.929	557	80.953	598
80.979	546	81.004	590
81.030	539	81.054	580
81.080	529	81.106	570
81.131	521	81.156	561
81.181	511	81.207	555
81.233	509	81.257	548
81.283	503	81.308	541
81.334	496	81.359	541
81.384	493	81.410	537
81.435	493	81.460	543
81.486	493	81.511	532
81.537	496	81.561	546
81.587	500	81.613	550
81.638	505	81.663	555
81.688	511	81.714	564
81.740	520	81.764	570
81.790	526	81.815	582
81.841	534	81.866	591
81.891	546	81.917	599
81.942	559	81.967	605
81.992	561	82.018	610
82.044	569	82.068	609
82.094	568	82.119	617
82.145	568	82.170	614
82.195	568	82.221	619
82.246	564	82.271	611
82.297	560	82.322	599
82.348	554	82.372	597
82.398	551	82.424	591
82.449	541	82.474	580
82.499	527	82.525	574
82.551	521	82.575	562
82.601	511	82.626	554
82.652	509	82.677	546
82.702	496	82.728	543
82.753	503	82.778	538
82.803	493	82.829	540
82.855	494	82.879	542
82.905	495	82.930	542
82.956	497	82.981	539
83.006	502	83.032	558
83.057	509	83.082	550
83.108	516	83.133	565
83.159	520	83.183	570
83.209	531	83.235	581
83.260	537	83.285	591
83.310	548	83.336	598
83.362	553	83.386	611
83.412	562	83.437	609
83.463	566	83.488	614
83.513	566	83.539	618
83.564	565	83.590	620
83.614	566	83.640	615
83.666	565	83.691	606
83.716	560	83.741	607
83.767	553	83.793	606
83.817	547	83.843	591
83.868	538	83.894	579
83.919	530	83.944	561
83.970	521	83.995	561
84.020	508	84.046	555
84.071	505	84.097	548
84.121	502	84.147	539
84.173	499	84.198	538
84.223	494	84.248	539
84.274	499	84.300	539
84.324	500	84.350	540
84.375	499	84.401	538
84.426	502	84.451	555
84.477	510	84.502	561
84.527	517	84.552	573
84.578	525	84.604	577
84.628	533	84.654	582
84.679	541	84.705	590
84.730	547	84.755	599
84.781	556	84.806	604
84.831	558	84.857	609
84.882	564	84.908	612
84.932	564	84.958	615
84.984	566	85.009	612
85.034	566	85.059	610
85.085	562	85.111	612
85.135	558	85.161	600
85.186	553	85.212	599
85.237	544	85.262	583
85.288	537	85.313	583
85.338	529	85.363	573
85.389	522	85.415	565
85.439	515	85.465	552
85.490	507	85.516	549
85.541	501	85.566	545
85.592	500	85.617	540
85.642	489	85.668	540
85.693	498	85.719	538
85.743	494	85.769	542
85.795	500	85.820	546
85.845	504	85.870	555
85.896	510	85.922	551
85.946	517	85.972	568
85.997	527	86.023	574
86.048	533	86.073	578
86.099	543	86.124	591
86.149	549	86.174	591
86.200	557	86.226	606
86.250	561	86.276	609
86.301	564	86.327	613
86.352	567	86.377	614
86.403	565	86.428	612
86.453	569	86.479	609
86.504	559	86.530	606
86.554	560	86.580	602
86.606	549	86.631	592
86.656	549	86.681	587
86.707	536	86.733	579
86.757	528	86.783	572
86.808	521	86.834	559
86.859	514	86.884	553
86.910	507	86.935	553
86.960	504	86.986	542
87.011	499	87.037	540
87.061	496	87.087	541
87.112	502	87.138	541
87.163	497	87.188	544
87.214	504	87.239	550
87.265	502	87.290	557
87.315	509	87.341	560
87.366	516	87.391	568
87.417	524	87.442	575
87.468	535	87.492	585
87.518	543	87.544	596
87.569	549	87.594	599
87.619	557	87.645	603
87.671	559	87.695	605
87.721	564	87.746	608
87.772	566	87.797	610
87.822	568	87.848	611
87.873	564	87.898	608
87.923	562	87.949	603
87.975	557	87.999	597
88.025	554	88.050	592
88.076	546	88.101	584
88.126	540	88.152	576
88.177	530	88.202	563
88.228	518	88.253	560
88.279	515	88.303	547
88.329	510	88.355	546
88.380	502	88.405	539
88.430	498	88.456	546
88.482	497	88.506	538
88.532	496	88.557	541
88.583	499	88.608	544
88.633	502	88.659	549
88.684	509	88.709	556
88.734	520	88.760	561
88.786	527	88.810	568
88.836	530	88.861	575
88.887	536	88.912	585
88.937	539	88.963	593
88.988	551	89.013	599
89.039	555	89.064	604
89.090	562	89.114	609
89.140	563	89.166	613
89.191	566	89.216	610
89.241	567	89.267	604
89.293	558	89.317	605
89.343	559	89.368	602
89.394	556	89.419	597
89.444	550	89.470	589
89.495	545	89.520	583
89.546	537	89.571	575
89.597	523	89.621	568
89.647	519	89.672	560
89.698	515	89.723	555
89.748	507	89.774	549
89.799	503	89.824	542
89.850	499	89.875	547
89.901	498	89.925	543
89.951	501	89.977	541
90.002	500	90.027	546
90.052	504	90.078	549
90.104	510	90.128	554
90.154	515	90.179	565
90.205	521	90.230	569
90.255	537	90.281	577
90.306	538	90.332	581
90.357	544	90.382	591
90.408	553	90.433	598
90.458	551	90.483	602
90.509	553	90.535	606
90.559	563	90.585	617
90.610	564	90.636	611
90.661	563	90.686	604
90.712	561	90.737	604
90.762	557	90.788	601
90.813	551	90.839	594
90.863	548	90.889	589
90.915	540	90.940	583
90.965	536	90.990	574
91.016	523	91.042	568
91.066	520	91.092	561
91.117	513	91.143	555
91.168	508	91.193	553
91.219	505	91.244	545
91.269	504	91.294	545
91.320	500	91.346	541
91.370	500	91.396	538
91.421	505	91.447	543
91.472	506	91.497	550
91.523	511	91.548	560
91.573	518	91.599	562
91.624	524	91.650	565
91.674	528	91.700	579
91.726	538	91.751	585
91.776	546	91.801	592
91.827	554	91.853	599
91.877	554	91.903	603
91.928	558	91.954	607
91.979	561	92.004	608
