#Creator: pendulumviewEventBuffer
#Creation time: Sat Apr 16 18:07:12 2011
#Time A	Pos A	Time B	Pos B
#[s]	[au]	[s]	[au]
0.026	680	0.051	579
0.076	683	0.101	583
0.127	677	0.153	581
0.177	686	0.203	583
0.228	682	0.254	583
0.278	682	0.304	584
0.330	682	0.355	582
0.380	680	0.405	585
0.431	681	0.457	584
0.481	680	0.507	573
0.532	682	0.558	591
0.583	677	0.608	581
0.634	681	0.659	583
0.684	680	0.710	579
0.735	682	0.761	586
0.785	677	0.811	584
0.837	680	0.862	587
0.887	681	0.912	585
0.938	679	0.964	584
0.988	671	1.014	581
1.039	678	1.065	584
1.089	679	1.115	578
1.141	678	1.166	588
1.191	679	1.216	584
1.242	679	1.268	578
1.292	680	1.318	586
1.343	681	1.369	590
1.394	674	1.419	579
1.445	677	1.470	586
1.495	675	1.521	584
1.546	673	1.572	583
1.596	680	1.622	583
1.648	681	1.673	582
1.698	680	1.723	585
1.749	675	1.775	582
1.799	683	1.825	586
1.850	685	1.876	581
1.900	680	1.926	587
1.952	681	1.977	581
2.002	681	2.027	579
2.053	683	2.079	586
2.103	688	2.129	583
2.154	693	2.180	585
2.205	699	2.230	595
2.256	691	2.281	585
2.306	693	2.332	578
2.357	715	2.383	584
2.407	714	2.433	585
2.459	710	2.484	589
2.509	714	2.534	588
2.560	713	2.586	583
2.610	714	2.636	582
2.661	712	2.687	584
2.711	714	2.737	587
2.763	713	2.788	587
2.813	712	2.838	586
2.864	718	2.890	585
2.914	715	2.940	586
2.965	708	2.991	589
3.017	709	3.041	587
3.067	710	3.092	586
3.118	713	3.143	586
3.168	710	3.194	577
3.219	710	3.244	589
3.270	709	3.295	578
3.321	713	3.345	581
3.371	710	3.397	586
3.422	710	3.447	591
3.472	708	3.498	585
3.524	709	3.548	583
3.574	713	3.599	584
3.625	708	3.649	583
3.675	710	3.701	584
3.726	710	3.751	584
3.776	713	3.802	585
3.828	709	3.852	584
3.878	712	3.903	581
3.929	714	3.954	571
3.979	709	4.005	584
4.030	708	4.055	586
4.081	708	4.106	587
4.132	705	4.156	585
4.182	710	4.208	586
4.233	709	4.258	586
4.283	709	4.309	580
4.335	708	4.359	588
4.385	700	4.410	587
4.436	707	4.460	586
4.486	709	4.512	588
4.537	707	4.562	585
4.587	708	4.613	582
4.639	707	4.663	581
4.689	707	4.714	585
4.740	706	4.765	585
4.790	707	4.816	581
4.841	708	4.866	584
4.892	708	4.917	584
4.943	712	4.967	585
4.993	703	5.019	584
5.044	705	5.069	584
5.094	698	5.120	587
5.146	706	5.170	588
5.196	708	5.221	596
5.247	711	5.271	601
5.297	707	5.323	607
5.348	710	5.373	623
5.398	707	5.424	638
5.450	708	5.474	652
5.500	707	5.525	668
5.551	706	5.576	675
5.601	709	5.627	689
5.652	706	5.677	691
5.703	714	5.728	696
5.754	710	5.778	700
5.804	708	5.830	704
5.855	708	5.880	706
5.905	710	5.931	711
5.957	708	5.981	710
6.007	707	6.032	716
6.058	711	6.082	720
6.108	707	6.134	726
6.159	706	6.184	736
6.209	704	6.235	741
6.261	707	6.285	743
6.311	708	6.336	743
6.362	701	6.387	742
6.412	708	6.438	744
6.463	712	6.488	739
6.514	709	6.539	741
6.565	707	6.589	743
6.615	707	6.641	744
6.666	707	6.691	747
6.716	707	6.742	748
6.768	707	6.792	742
6.818	707	6.843	747
6.869	709	6.893	744
6.919	710	6.945	743
6.970	703	6.996	745
7.020	702	7.046	746
7.072	709	7.097	749
7.122	709	7.147	745
7.173	708	7.199	744
7.223	708	7.249	739
7.274	707	7.300	744
7.325	707	7.350	738
7.376	708	7.401	748
7.426	708	7.452	751
7.477	708	7.503	744
7.527	709	7.553	745
7.579	701	7.604	752
7.629	707	7.654	745
7.680	710	7.706	747
7.730	701	7.756	746
7.781	709	7.807	741
7.831	712	7.857	741
7.883	709	7.908	743
7.933	706	7.958	740
7.984	708	8.010	733
8.034	707	8.060	735
8.085	708	8.111	726
8.136	701	8.161	735
8.187	711	8.212	729
8.237	707	8.263	739
8.288	706	8.314	731
8.338	712	8.364	731
8.390	707	8.415	731
8.440	715	8.465	731
8.491	712	8.517	730
8.541	709	8.567	730
8.592	708	8.618	727
8.642	708	8.668	728
8.694	708	8.719	727
8.744	708	8.769	733
8.795	708	8.821	727
8.845	709	8.871	724
8.896	708	8.922	731
8.947	704	8.972	735
8.998	708	9.023	735
9.048	706	9.074	735
9.099	704	9.125	738
9.149	709	9.175	737
9.201	706	9.226	739
9.251	709	9.276	745
9.302	707	9.328	741
9.352	707	9.378	750
9.403	707	9.429	744
9.453	708	9.479	743
9.505	708	9.530	747
9.555	700	9.580	746
9.606	708	9.632	744
9.656	708	9.682	746
9.707	709	9.733	747
9.758	706	9.783	745
9.809	706	9.834	744
9.859	708	9.885	748
9.910	709	9.936	742
9.960	700	9.986	745
10.012	707	10.037	740
10.062	708	10.087	743
10.113	707	10.139	743
10.163	712	10.189	748
10.214	708	10.240	742
10.265	708	10.290	745
10.316	710	10.341	745
10.366	702	10.391	743
10.417	705	10.443	745
10.467	706	10.493	746
10.518	707	10.544	748
10.569	708	10.594	747
10.620	708	10.645	746
10.670	707	10.696	743
10.721	707	10.747	751
10.771	709	10.797	748
10.823	708	10.848	744
10.873	707	10.898	744
10.924	708	10.950	744
10.974	707	11.000	745
11.025	703	11.051	745
11.076	711	11.101	746
11.127	710	11.152	747
11.177	712	11.202	746
11.228	709	11.254	740
11.278	714	11.304	744
11.329	712	11.355	741
11.380	711	11.405	745
11.431	709	11.456	739
11.482	705	11.507	747
11.532	707	11.558	749
11.583	708	11.608	742
11.634	705	11.659	743
11.685	712	11.709	746
11.735	714	11.761	749
11.786	714	11.811	747
11.836	712	11.862	746
11.888	711	11.912	741
11.938	711	11.963	746
11.989	711	12.013	743
12.039	718	12.065	746
12.090	713	12.115	744
12.140	713	12.166	747
12.192	713	12.216	752
12.242	708	12.267	742
12.293	696	12.318	732
12.343	677	12.369	714
12.394	653	12.419	688
12.445	619	12.470	657
12.496	586	12.520	621
12.546	551	12.572	586
12.597	515	12.622	547
12.647	480	12.673	513
12.699	453	12.723	480
12.749	429	12.774	449
12.800	411	12.825	430
12.850	400	12.876	417
12.901	394	12.926	408
12.951	401	12.977	415
13.003	413	13.027	427
13.053	433	13.078	445
13.104	458	13.129	472
13.154	488	13.180	505
13.205	521	13.230	538
13.256	558	13.281	576
13.307	588	13.331	613
13.357	622	13.383	650
13.408	652	13.433	688
13.458	675	13.484	704
13.510	693	13.534	729
13.560	703	13.585	740
13.611	707	13.636	745
13.661	701	13.687	741
13.712	695	13.737	729
13.762	672	13.788	710
13.814	639	13.838	681
13.864	613	13.889	653
13.915	584	13.940	618
13.965	542	13.991	581
14.016	517	14.041	544
14.067	483	14.092	505
14.118	460	14.142	479
14.168	431	14.194	452
14.219	414	14.244	435
14.269	406	14.295	415
14.321	401	14.345	414
14.371	407	14.396	422
14.422	416	14.447	429
14.472	432	14.498	449
14.523	466	14.549	476
14.573	490	14.599	502
14.625	519	14.650	542
14.675	557	14.700	580
14.726	590	14.752	615
14.776	620	14.802	655
14.827	650	14.853	685
14.878	672	14.903	713
14.929	689	14.954	726
14.979	697	15.005	740
15.030	698	15.056	745
15.080	695	15.106	740
15.132	684	15.157	728
15.182	669	15.207	707
15.233	636	15.259	680
15.283	610	15.309	650
15.334	579	15.360	614
15.385	548	15.410	576
15.436	515	15.461	539
15.486	486	15.511	506
15.537	457	15.563	472
15.587	434	15.613	447
15.638	418	15.664	428
15.689	410	15.714	417
15.740	407	15.765	411
15.790	416	15.816	418
15.841	422	15.867	431
15.891	440	15.917	453
15.943	460	15.968	480
15.993	496	16.018	516
16.044	527	16.070	547
16.094	556	16.120	579
16.145	588	16.171	621
16.196	624	16.221	656
16.247	645	16.272	687
16.297	668	16.322	713
16.348	684	16.374	730
16.398	697	16.424	742
16.449	696	16.475	742
16.500	691	16.525	737
16.551	674	16.576	723
16.601	659	16.627	704
16.652	642	16.678	676
16.702	611	16.728	644
16.754	581	16.779	609
16.804	546	16.829	579
16.855	515	16.881	536
16.905	487	16.931	505
16.956	458	16.982	475
17.007	438	17.032	451
17.058	423	17.083	429
17.108	413	17.133	417
17.159	413	17.185	415
17.209	417	17.235	415
17.260	427	17.286	437
17.311	445	17.336	457
17.362	463	17.387	485
17.412	490	17.438	517
17.463	525	17.489	553
17.513	553	17.539	587
17.565	587	17.590	628
17.615	617	17.640	658
17.666	644	17.692	692
17.716	665	17.742	713
17.767	680	17.793	728
17.818	691	17.843	740
17.869	684	17.894	738
17.919	684	17.945	735
17.970	672	17.996	723
18.020	655	18.046	700
18.071	639	18.097	671
18.122	608	18.147	638
18.173	577	18.198	602
18.224	546	18.249	568
18.274	518	18.300	531
18.325	487	18.350	499
18.376	462	18.401	478
18.427	440	18.451	446
18.477	425	18.503	426
18.528	417	18.553	418
18.578	412	18.604	416
18.630	420	18.654	424
18.680	429	18.705	440
18.731	449	18.756	463
18.781	475	18.807	495
18.832	504	18.857	525
18.882	526	18.908	560
18.934	557	18.958	590
18.984	592	19.009	636
19.035	616	19.060	660
19.085	641	19.111	695
19.136	664	19.161	715
19.187	678	19.212	734
19.238	691	19.262	739
19.288	690	19.314	740
19.339	683	19.364	731
19.389	676	19.415	718
19.441	655	19.465	692
19.491	631	19.516	666
19.542	608	19.567	635
19.592	576	19.618	599
19.643	546	19.668	553
19.693	516	19.719	524
19.745	489	19.769	496
19.795	463	19.820	469
19.846	444	19.871	442
19.896	429	19.922	429
19.947	418	19.972	418
19.998	417	20.023	419
20.049	417	20.073	423
20.099	431	20.125	443
20.150	449	20.175	468
20.200	469	20.226	496
20.252	499	20.276	530
20.302	528	20.327	561
20.353	557	20.378	593
20.403	587	20.429	636
20.454	616	20.479	665
20.505	640	20.530	693
20.556	665	20.580	717
20.606	677	20.631	733
20.657	682	20.682	733
20.707	681	20.733	735
20.758	683	20.783	727
20.809	675	20.834	711
20.860	652	20.884	688
20.910	638	20.936	661
20.961	608	20.986	628
21.011	578	21.037	595
21.063	547	21.087	557
21.113	517	21.138	529
21.164	490	21.189	483
21.214	465	21.240	462
21.265	445	21.291	441
21.316	430	21.341	427
21.367	422	21.392	426
21.417	417	21.442	423
21.468	421	21.494	433
21.518	431	21.544	451
21.569	452	21.595	473
21.620	477	21.645	503
21.671	502	21.696	535
21.721	527	21.747	570
21.772	556	21.798	607
21.822	588	21.848	645
21.874	614	21.899	675
21.924	639	21.949	702
21.975	659	22.001	717
22.025	675	22.051	729
22.076	686	22.102	736
22.127	684	22.152	733
22.178	679	22.203	726
22.228	665	22.253	705
22.279	647	22.305	681
22.329	628	22.355	654
22.380	605	22.406	622
22.431	576	22.456	584
22.482	547	22.507	558
22.532	518	22.558	516
22.583	490	22.609	481
22.633	466	22.659	457
22.685	445	22.710	442
22.735	432	22.760	429
22.786	425	22.812	425
22.836	422	22.862	428
22.887	427	22.913	439
22.938	432	22.963	459
22.989	449	23.014	480
23.039	469	23.065	507
23.090	499	23.116	541
23.140	528	23.166	581
23.191	553	23.217	611
23.242	587	23.267	649
23.293	613	23.318	672
23.343	639	23.369	697
23.394	657	23.420	715
23.444	675	23.470	722
23.496	679	23.521	731
23.546	681	23.571	727
23.597	680	23.623	717
23.647	668	23.673	699
23.698	650	23.724	675
23.749	630	23.774	640
23.800	604	23.825	613
23.850	581	23.876	583
23.901	545	23.927	554
23.951	518	23.977	518
24.002	495	24.028	483
24.053	465	24.078	461
24.104	446	24.129	443
24.154	431	24.180	428
24.205	425	24.231	429
24.255	422	24.281	432
24.307	422	24.332	444
24.357	438	24.382	462
24.408	450	24.434	492
24.458	473	24.484	518
24.509	499	24.535	550
24.560	527	24.585	579
24.611	557	24.636	616
24.661	588	24.687	641
24.712	614	24.738	673
24.762	638	24.788	695
24.813	656	24.839	711
24.864	669	24.889	722
24.915	677	24.940	726
24.965	686	24.991	723
25.016	675	25.042	711
25.066	659	25.092	695
25.118	650	25.143	672
25.168	617	25.193	642
25.219	603	25.245	607
25.269	574	25.295	580
25.320	546	25.346	544
25.371	517	25.396	514
25.422	490	25.447	487
25.472	465	25.498	462
25.523	443	25.549	444
25.573	429	25.599	436
25.625	415	25.650	430
25.675	424	25.700	437
25.726	425	25.751	449
25.776	438	25.802	468
25.827	449	25.853	485
25.877	475	25.903	521
25.929	496	25.954	551
25.979	528	26.004	583
26.030	558	26.056	616
26.080	587	26.106	646
26.131	611	26.157	675
26.182	636	26.207	696
26.233	656	26.258	712
26.283	669	26.309	720
26.334	683	26.360	722
26.384	684	26.410	717
26.436	677	26.461	709
26.486	666	26.511	688
26.537	649	26.562	665
26.587	628	26.613	639
26.638	602	26.664	600
26.688	573	26.714	567
26.740	545	26.765	536
26.790	516	26.815	509
26.841	495	26.867	485
26.891	467	26.917	464
26.942	448	26.968	448
26.993	433	27.018	438
27.044	429	27.069	436
27.094	419	27.120	446
27.145	424	27.171	456
27.195	437	27.221	476
27.247	455	27.272	494
27.297	476	27.322	525
27.348	502	27.373	547
27.398	528	27.424	589
27.449	555	27.475	620
27.499	587	27.525	649
27.551	615	27.576	674
27.601	644	27.626	693
27.652	661	27.678	708
27.702	673	27.728	717
27.753	681	27.779	716
27.804	682	27.829	711
27.855	675	27.880	701
27.905	666	27.931	683
27.956	648	27.982	656
28.006	623	28.032	634
28.058	599	28.083	604
28.108	572	28.133	568
28.159	542	28.185	534
28.209	514	28.235	509
28.260	488	28.286	486
28.310	462	28.336	465
28.362	444	28.387	452
28.412	426	28.437	443
28.463	426	28.489	441
28.513	426	28.539	449
28.564	426	28.590	461
28.615	440	28.640	477
28.666	452	28.691	500
28.716	478	28.742	526
28.767	506	28.793	570
28.817	531	28.843	584
28.869	561	28.894	621
28.919	585	28.944	648
28.970	620	28.996	670
29.020	642	29.046	691
29.071	661	29.097	705
29.121	675	29.147	709
29.173	679	29.198	712
29.223	680	29.248	706
29.274	678	29.300	700
29.324	665	29.350	677
29.375	647	29.401	653
29.426	622	29.451	625
29.477	598	29.502	594
29.527	569	29.553	566
29.578	540	29.604	538
29.628	511	29.654	510
29.680	483	29.705	486
29.730	464	29.755	466
29.781	439	29.807	454
29.831	428	29.857	447
29.882	424	29.908	449
29.932	422	29.958	454
29.984	429	30.009	472
30.034	439	30.059	485
30.085	457	30.111	510
30.135	484	30.161	531
30.186	507	30.212	562
30.238	535	30.262	592
30.288	561	30.313	622
30.339	593	30.364	642
30.389	618	30.415	671
30.440	642	30.465	688
30.491	663	30.516	700
30.542	673	30.566	708
30.592	686	30.618	707
30.643	683	30.668	702
30.693	675	30.719	692
30.745	656	30.769	668
30.795	644	30.820	646
30.846	621	30.870	617
30.896	596	30.922	595
30.947	566	30.972	566
30.997	538	31.023	536
31.049	510	31.073	509
31.099	480	31.124	487
31.150	459	31.175	472
31.200	434	31.226	458
31.251	429	31.276	451
31.302	419	31.327	447
31.353	423	31.377	458
31.403	430	31.429	469
31.454	442	31.479	482
31.504	459	31.530	507
31.556	479	31.580	536
31.606	510	31.631	564
31.657	532	31.681	589
31.707	566	31.733	621
31.758	594	31.783	636
31.808	628	31.834	669
31.860	643	31.884	685
31.910	664	31.935	696
31.961	676	31.986	705
32.011	681	32.037	701
32.062	679	32.087	695
32.113	675	32.138	679
32.164	660	32.188	667
32.214	642	32.240	636
32.265	620	32.290	619
32.315	591	32.341	593
32.367	562	32.391	562
32.417	527	32.442	535
32.468	510	32.492	510
32.518	483	32.544	489
32.569	455	32.594	473
32.619	447	32.645	460
32.671	428	32.695	452
32.721	422	32.746	456
32.772	423	32.797	456
32.822	434	32.848	469
32.873	443	32.898	492
32.924	463	32.949	509
32.975	485	32.999	537
33.025	513	33.051	565
33.076	541	33.101	593
33.126	570	33.152	620
33.178	606	33.202	642
33.228	625	33.253	663
33.279	643	33.303	680
33.329	662	33.355	692
33.380	675	33.406	696
33.430	682	33.456	695
33.482	681	33.507	692
33.532	674	33.557	677
33.583	656	33.609	665
33.633	639	33.659	641
33.684	614	33.710	617
33.735	586	33.760	589
33.786	561	33.811	559
33.836	529	33.862	535
33.887	503	33.913	516
33.937	477	33.963	490
33.989	452	34.014	474
34.039	438	34.064	467
34.090	427	34.116	458
34.140	422	34.166	458
34.191	424	34.217	467
34.241	433	34.267	474
34.293	449	34.318	496
34.343	466	34.368	514
34.394	490	34.420	533
34.444	514	34.470	566
34.495	549	34.521	593
34.546	575	34.571	618
34.597	606	34.622	642
34.647	628	34.673	662
34.698	653	34.724	679
34.748	669	34.774	688
34.800	677	34.825	697
34.850	680	34.875	700
34.901	677	34.927	680
34.951	668	34.977	676
35.002	651	35.028	660
35.052	634	35.078	638
35.104	605	35.129	614
35.154	580	35.179	588
35.205	554	35.231	562
35.255	527	35.281	536
35.306	497	35.332	513
35.357	475	35.382	494
35.408	452	35.433	474
35.458	436	35.484	465
35.509	425	35.535	459
35.559	423	35.585	464
35.611	427	35.636	464
35.661	437	35.686	479
35.712	449	35.738	496
35.762	470	35.788	516
35.813	503	35.839	543
35.863	520	35.889	567
35.915	544	35.940	594
35.965	580	35.990	620
36.016	597	36.042	640
36.066	631	36.092	661
36.117	651	36.143	678
36.168	668	36.193	677
36.219	676	36.244	694
36.269	679	36.295	690
36.320	675	36.346	685
36.370	666	36.396	674
36.422	651	36.447	654
36.472	627	36.497	634
36.523	608	36.549	612
36.573	582	36.599	586
36.624	551	36.650	561
36.674	519	36.700	537
36.726	486	36.751	514
36.776	469	36.801	493
36.827	449	36.853	473
36.877	436	36.903	472
36.928	426	36.954	461
36.979	424	37.004	466
37.030	424	37.055	466
37.081	437	37.106	481
37.131	457	37.157	498
37.182	475	37.207	517
37.233	497	37.258	546
37.284	521	37.308	567
37.334	554	37.360	592
37.385	586	37.410	618
37.435	609	37.461	640
37.487	633	37.511	659
37.537	652	37.562	672
37.588	667	37.612	680
37.638	676	37.664	686
37.689	682	37.714	688
37.739	674	37.765	679
37.791	661	37.815	671
37.841	649	37.866	658
37.892	620	37.917	633
37.942	599	37.968	612
37.993	570	38.018	584
38.044	545	38.069	562
38.095	511	38.119	538
38.145	489	38.171	516
38.196	466	38.221	494
38.246	448	38.272	479
38.298	436	38.322	471
38.348	429	38.373	463
38.399	426	38.423	470
38.449	429	38.475	471
38.500	441	38.525	484
38.550	461	38.576	492
38.602	475	38.626	520
38.652	503	38.677	544
38.703	529	38.728	562
38.753	568	38.779	593
38.804	587	38.829	614
38.855	611	38.880	637
38.906	630	38.930	664
38.956	654	38.982	679
39.007	667	39.032	682
39.057	674	39.083	689
39.109	675	39.133	684
39.159	669	39.184	682
39.210	647	39.234	670
39.260	640	39.286	653
39.311	619	39.336	635
39.361	594	39.387	611
39.413	563	39.437	587
39.463	545	39.488	561
39.514	511	39.539	540
39.564	487	39.590	516
39.615	468	39.640	495
39.666	447	39.691	480
39.717	435	39.741	465
39.767	428	39.793	464
39.818	425	39.843	465
39.868	429	39.894	474
39.920	448	39.944	485
39.970	465	39.995	500
40.021	483	40.045	521
40.071	508	40.097	546
40.122	530	40.148	567
40.172	564	40.198	589
40.224	589	40.249	614
40.274	614	40.299	642
40.325	636	40.351	660
40.375	653	40.401	676
40.426	664	40.452	679
40.477	669	40.502	688
40.528	670	40.553	688
40.578	664	40.604	680
40.629	652	40.655	669
40.679	640	40.705	652
40.731	607	40.756	636
40.781	584	40.806	609
40.832	571	40.858	578
40.882	538	40.908	562
40.933	506	40.959	536
40.983	485	41.009	515
41.035	464	41.060	499
41.085	447	41.110	481
41.136	436	41.162	468
41.186	433	41.212	466
41.237	430	41.263	467
41.288	439	41.313	473
41.339	446	41.364	486
41.389	468	41.415	501
41.440	488	41.466	521
41.490	509	41.516	543
41.542	540	41.567	565
41.592	568	41.617	593
41.643	594	41.669	618
41.693	616	41.719	638
41.744	636	41.770	658
41.794	651	41.820	670
41.846	662	41.871	682
41.896	668	41.921	685
41.947	667	41.973	686
41.997	665	42.023	678
42.048	649	42.074	666
42.099	635	42.124	650
42.150	605	42.175	635
42.200	582	42.226	608
42.251	561	42.277	584
42.301	530	42.327	563
42.353	505	42.378	538
42.403	480	42.428	521
42.454	463	42.480	498
42.504	447	42.530	480
42.555	440	42.581	468
42.605	431	42.631	467
42.657	431	42.682	466
42.707	439	42.732	474
42.758	446	42.784	487
42.808	473	42.834	503
42.859	495	42.885	521
42.910	518	42.935	544
42.961	542	42.986	570
43.011	577	43.037	593
43.062	594	43.088	612
43.112	616	43.138	643
43.164	637	43.189	654
43.214	651	43.239	668
43.265	661	43.291	680
43.315	664	43.341	687
43.366	668	43.392	684
43.417	663	43.442	677
43.468	642	43.493	665
43.518	631	43.543	651
43.569	601	43.595	630
43.619	579	43.645	608
43.670	553	43.696	583
43.721	527	43.746	563
43.772	502	43.797	537
43.822	480	43.848	513
43.873	462	43.899	494
43.923	448	43.949	481
43.975	439	44.000	471
44.025	436	44.050	467
44.076	439	44.102	467
44.126	441	44.152	475
44.177	459	44.203	486
44.228	475	44.253	503
44.279	496	44.304	525
44.329	522	44.354	547
44.380	546	44.406	571
44.430	570	44.456	598
44.481	595	44.507	620
44.532	616	44.557	635
44.583	635	44.608	655
44.634	649	44.659	670
44.684	658	44.710	683
44.735	657	44.760	686
44.786	654	44.811	684
44.837	649	44.861	679
44.887	646	44.913	665
44.938	620	44.963	649
44.988	599	45.014	629
45.040	573	45.064	607
45.090	548	45.115	576
45.141	525	45.165	556
45.191	500	45.217	528
45.242	481	45.267	508
45.292	463	45.318	495
45.344	446	45.368	480
45.394	440	45.419	471
45.445	434	45.470	466
45.495	439	45.521	469
45.546	450	45.571	476
45.597	461	45.622	488
45.648	482	45.672	504
45.698	499	45.724	524
45.749	522	45.774	549
45.799	547	45.825	573
45.851	572	45.875	598
45.901	598	45.926	623
45.952	616	45.977	641
46.002	634	46.028	657
46.053	646	46.078	671
46.103	653	46.129	683
46.155	656	46.179	685
46.205	656	46.230	684
46.256	645	46.281	676
46.306	627	46.332	665
46.357	610	46.382	648
46.408	591	46.433	630
46.459	570	46.483	609
46.509	546	46.535	580
46.560	522	46.585	550
46.610	500	46.636	543
46.662	481	46.686	511
46.712	467	46.737	491
46.763	442	46.788	477
46.813	443	46.839	471
46.864	445	46.889	466
46.914	439	46.940	473
46.966	450	46.990	476
47.016	464	47.041	490
47.067	482	47.092	505
47.117	502	47.143	526
47.168	528	47.193	547
47.219	550	47.244	575
47.270	583	47.294	591
47.320	595	47.346	620
47.371	615	47.396	648
47.421	630	47.447	661
47.473	638	47.497	673
47.523	649	47.548	682
47.574	650	47.599	685
47.624	654	47.650	678
47.675	642	47.701	681
47.725	628	47.751	663
47.777	610	47.802	646
47.827	590	47.852	620
47.878	566	47.904	605
47.928	544	47.954	576
47.979	518	48.005	548
48.030	499	48.055	537
48.081	482	48.106	509
48.131	465	48.157	491
48.182	451	48.208	478
48.232	444	48.258	469
48.284	442	48.309	466
48.334	442	48.359	468
48.385	455	48.411	477
48.435	474	48.461	489
48.486	487	48.512	508
48.537	506	48.562	532
48.588	522	48.613	552
48.638	550	48.663	578
48.689	573	48.715	599
48.739	594	48.765	621
48.790	613	48.816	645
48.841	629	48.866	662
48.892	637	48.917	674
48.942	648	48.968	682
48.993	645	49.019	685
49.043	638	49.069	682
49.095	636	49.120	675
49.145	620	49.170	659
49.196	605	49.222	640
49.246	598	49.272	618
49.297	564	49.323	603
49.348	542	49.373	577
49.399	519	49.424	548
49.449	498	49.474	528
49.500	482	49.526	505
49.550	466	49.576	486
49.601	449	49.627	477
49.652	446	49.677	469
49.703	446	49.728	466
49.753	449	49.779	470
49.804	464	49.830	479
49.854	472	49.880	495
49.906	489	49.931	510
49.956	507	49.981	529
50.007	532	50.033	558
50.057	551	50.083	585
50.108	573	50.134	607
50.159	594	50.184	627
50.210	614	50.235	648
50.260	623	50.285	663
50.311	646	50.337	675
50.361	642	50.387	685
50.412	642	50.438	685
50.463	642	50.488	681
50.514	633	50.539	680
50.564	618	50.590	657
50.615	602	50.641	642
50.665	582	50.691	618
50.717	562	50.742	598
50.767	539	50.792	563
50.818	519	50.844	540
50.868	498	50.894	523
50.919	478	50.945	503
50.970	465	50.995	488
51.021	459	51.046	474
51.071	450	51.097	473
51.122	448	51.148	469
51.172	449	51.198	471
51.223	461	51.249	480
51.274	475	51.299	501
51.325	492	51.350	513
51.376	510	51.401	539
51.426	530	51.452	556
51.477	551	51.502	587
51.528	576	51.553	607
51.579	599	51.603	625
51.629	606	51.655	650
51.680	621	51.705	667
51.730	626	51.756	677
51.782	633	51.806	683
51.832	644	51.857	687
51.883	637	51.908	678
51.933	629	51.959	669
51.984	620	52.009	651
52.034	600	52.060	635
52.086	581	52.110	614
52.136	560	52.161	587
52.187	539	52.212	569
52.237	519	52.263	549
52.288	497	52.313	521
52.339	484	52.364	502
52.390	469	52.414	487
52.440	461	52.466	474
52.491	450	52.516	470
52.541	452	52.567	468
52.593	454	52.617	473
52.643	460	52.668	485
52.694	475	52.719	500
52.744	491	52.770	517
52.795	511	52.820	541
52.845	527	52.871	567
52.897	551	52.921	588
52.947	565	52.972	614
52.998	591	53.023	632
53.048	607	53.074	652
53.099	624	53.124	666
53.150	633	53.175	678
53.201	641	53.225	682
53.251	637	53.277	683
53.302	634	53.327	676
53.352	624	53.378	662
53.404	612	53.428	647
53.454	596	53.479	632
53.505	579	53.530	610
53.555	558	53.581	589
53.606	538	53.631	563
53.657	518	53.682	541
53.708	500	53.732	518
53.758	480	53.783	499
53.809	474	53.834	483
53.859	461	53.885	475
53.910	448	53.935	470
53.961	450	53.986	471
54.012	456	54.036	475
54.062	460	54.088	488
54.113	477	54.138	507
54.163	496	54.189	524
54.215	509	54.239	539
54.265	530	54.290	566
54.316	553	54.341	601
54.366	571	54.392	612
54.417	587	54.443	631
54.468	608	54.493	654
54.519	617	54.544	668
54.569	628	54.594	677
54.620	640	54.646	681
54.670	631	54.696	681
54.721	629	54.747	672
54.772	622	54.797	660
54.823	610	54.848	645
54.873	595	54.899	627
54.924	578	54.950	605
54.974	557	55.000	580
55.026	538	55.051	556
55.076	518	55.101	535
55.127	500	55.153	515
55.177	490	55.203	497
55.228	467	55.254	482
55.279	461	55.304	475
55.330	463	55.355	476
55.380	456	55.405	474
55.431	459	55.457	479
55.481	468	55.507	490
55.532	478	55.558	512
55.583	494	55.608	523
55.634	510	55.659	538
55.684	531	55.710	572
55.735	551	55.761	595
55.785	570	55.811	617
55.837	588	55.862	638
55.887	601	55.912	655
55.938	616	55.964	669
55.988	627	56.014	675
56.039	642	56.065	679
56.090	633	56.115	679
56.141	627	56.166	676
56.191	621	56.217	657
56.242	608	56.268	643
56.292	594	56.318	618
56.343	577	56.369	609
56.394	560	56.419	578
56.445	536	56.470	556
56.495	512	56.521	533
56.546	502	56.572	513
56.596	483	56.622	496
56.648	467	56.673	485
56.698	456	56.723	476
56.749	456	56.775	472
56.799	456	56.825	473
56.850	461	56.876	482
56.901	466	56.926	495
56.952	479	56.977	509
57.002	494	57.028	535
57.053	511	57.079	557
57.103	531	57.129	576
57.154	549	57.180	595
57.205	569	57.230	615
57.256	588	57.281	639
57.306	598	57.332	655
57.357	617	57.383	668
57.407	617	57.433	675
57.459	631	57.484	678
57.509	632	57.534	672
57.560	627	57.586	665
57.610	620	57.636	655
57.661	607	57.687	636
57.712	596	57.737	618
57.763	580	57.788	594
57.813	557	57.839	576
57.864	539	57.890	553
57.914	519	57.940	531
57.965	497	57.991	512
58.016	490	58.041	497
58.067	471	58.092	484
58.117	467	58.143	475
58.168	458	58.194	474
58.218	457	58.244	486
58.270	465	58.295	484
58.320	468	58.345	494
58.371	479	58.397	505
58.421	495	58.447	536
58.472	512	58.498	556
58.523	531	58.548	578
58.574	552	58.599	594
58.624	570	58.650	622
58.675	588	58.701	641
58.725	596	58.751	660
58.777	618	58.802	666
58.827	628	58.852	672
58.878	630	58.903	676
58.928	631	58.954	670
58.979	627	59.005	660
59.029	618	59.055	655
59.081	607	59.106	636
59.131	591	59.156	615
59.182	574	59.208	594
59.232	553	59.258	568
59.283	536	59.309	550
59.334	511	59.359	529
59.385	501	59.410	510
59.435	472	59.461	487
59.486	471	59.512	487
59.536	461	59.562	480
59.588	458	59.613	475
59.638	457	59.663	481
59.689	461	59.714	496
59.739	469	59.765	509
59.790	481	59.816	521
59.840	498	59.866	539
59.892	512	59.917	560
59.942	532	59.967	582
59.993	553	60.019	601
60.043	568	60.069	622
60.094	587	60.120	641
60.145	602	60.170	653
60.196	613	60.221	665
60.246	624	60.272	670
60.297	630	60.323	670
60.347	631	60.373	668
60.399	625	60.424	661
60.449	617	60.474	650
60.500	606	60.525	628
60.550	590	60.576	609
60.601	573	60.627	590
60.651	559	60.677	568
60.703	533	60.728	548
60.753	516	60.778	525
60.804	498	60.830	511
60.854	482	60.880	503
60.905	474	60.931	486
60.956	463	60.981	483
61.007	457	61.032	483
61.057	455	61.083	487
61.108	460	61.134	493
61.158	469	61.184	512
61.210	481	61.235	530
61.260	495	61.285	534
61.311	513	61.337	563
61.361	531	61.387	586
61.412	556	61.438	604
61.462	569	61.488	625
61.514	597	61.539	642
61.564	602	61.589	654
61.615	618	61.641	666
61.665	624	61.691	668
61.716	628	61.742	668
61.767	630	61.792	668
61.818	624	61.843	653
61.868	616	61.894	646
61.919	605	61.945	627
61.969	593	61.995	599
62.021	572	62.046	587
62.071	553	62.096	565
62.122	542	62.148	542
62.172	515	62.198	527
62.223	495	62.249	510
62.273	483	62.299	498
62.325	471	62.350	489
62.375	462	62.400	494
62.426	459	62.452	488
62.476	459	62.502	491
62.527	462	62.553	502
62.578	473	62.603	511
62.629	483	62.654	525
62.679	497	62.705	551
62.730	515	62.756	568
62.780	534	62.806	588
62.832	551	62.857	606
62.882	574	62.907	624
62.933	591	62.959	639
62.983	606	63.009	652
63.034	618	63.060	656
63.084	625	63.110	672
63.136	629	63.161	667
63.186	629	63.211	654
63.237	624	63.263	650
63.287	622	63.313	637
63.338	601	63.364	621
63.389	587	63.414	601
63.440	571	63.465	585
63.490	554	63.516	564
63.541	532	63.567	545
63.591	512	63.617	526
63.643	499	63.668	513
63.693	479	63.718	503
63.744	469	63.770	493
63.794	462	63.820	485
63.845	457	63.871	488
63.895	456	63.921	500
63.947	462	63.972	501
63.998	465	64.022	515
64.048	485	64.074	533
64.099	498	64.124	550
64.149	520	64.175	568
64.201	534	64.225	589
64.251	550	64.276	608
64.302	576	64.327	624
64.352	588	64.378	637
64.403	606	64.428	650
64.454	616	64.479	654
64.505	625	64.529	667
64.555	629	64.581	662
64.606	630	64.631	652
64.656	620	64.682	646
64.708	616	64.732	627
64.758	599	64.783	618
64.809	587	64.833	600
64.859	567	64.885	583
64.910	546	64.935	558
64.960	525	64.986	544
65.012	507	65.036	528
65.062	494	65.087	518
65.113	477	65.138	506
65.163	467	65.189	496
65.214	460	65.239	494
65.265	456	65.290	497
65.316	458	65.340	499
65.366	464	65.392	506
65.417	469	65.442	517
65.467	483	65.493	535
65.519	498	65.543	554
65.569	516	65.594	573
65.620	536	65.644	590
65.670	550	65.696	605
65.721	579	65.746	623
65.771	593	65.797	637
65.823	604	65.847	643
65.873	619	65.898	661
65.924	625	65.949	662
65.974	629	66.000	664
66.025	630	66.050	652
66.076	629	66.101	643
66.127	612	66.151	630
66.177	596	66.203	616
66.228	584	66.253	599
66.278	570	66.304	580
66.330	548	66.354	557
66.380	524	66.405	534
66.431	508	66.455	528
66.481	493	66.507	511
66.532	483	66.557	503
66.582	465	66.608	501
66.634	459	66.658	494
66.684	460	66.709	493
66.735	458	66.760	503
66.785	462	66.811	511
66.836	473	66.861	523
66.887	488	66.912	539
66.938	504	66.963	557
66.988	523	67.014	572
67.039	542	67.065	586
67.089	560	67.115	603
67.141	578	67.166	620
67.191	593	67.216	635
67.242	610	67.268	638
67.292	620	67.318	649
67.343	626	67.369	657
67.393	629	67.419	659
67.445	628	67.470	651
67.495	627	67.520	641
67.546	616	67.572	628
67.596	599	67.622	611
67.647	590	67.673	596
67.698	565	67.723	579
67.749	542	67.774	558
67.799	525	67.825	544
67.850	505	67.876	530
67.900	491	67.926	511
67.952	478	67.977	499
68.002	466	68.027	499
68.053	460	68.079	495
68.103	456	68.129	499
68.154	458	68.180	504
68.204	463	68.230	512
68.256	476	68.281	527
68.306	491	68.331	543
68.357	506	68.383	555
68.407	522	68.433	574
68.458	541	68.484	592
68.509	562	68.534	607
68.560	581	68.585	610
68.610	597	68.636	635
68.661	608	68.687	643
68.711	621	68.737	653
68.763	626	68.788	653
68.813	632	68.838	652
68.864	626	68.890	644
68.914	622	68.940	638
68.965	609	68.991	626
69.015	591	69.041	611
69.067	578	69.092	595
69.117	560	69.142	578
69.168	543	69.194	559
69.218	523	69.244	549
69.269	504	69.295	528
69.320	489	69.345	514
69.371	474	69.396	504
69.421	464	69.447	504
69.472	460	69.498	500
69.522	457	69.548	506
69.574	463	69.599	507
69.624	471	69.649	515
69.675	473	69.701	528
69.725	493	69.751	541
69.776	511	69.802	557
69.826	527	69.852	574
69.878	544	69.903	592
69.928	564	69.953	609
69.979	582	70.005	620
70.029	597	70.055	633
70.080	611	70.106	643
70.131	622	70.156	646
70.182	627	70.207	651
70.233	631	70.258	651
70.283	619	70.309	647
70.334	616	70.359	634
70.385	604	70.410	624
70.436	593	70.460	612
70.486	576	70.512	594
70.537	558	70.562	576
70.587	538	70.613	562
70.639	519	70.663	552
70.689	501	70.714	528
70.740	486	70.764	514
70.790	476	70.816	507
70.841	464	70.866	505
70.891	462	70.917	503
70.943	456	70.967	508
70.993	461	71.018	508
71.044	469	71.069	517
71.094	483	71.120	524
71.145	498	71.170	543
71.196	511	71.221	563
71.247	529	71.271	575
71.297	549	71.323	597
71.348	563	71.373	606
71.398	585	71.424	623
71.450	601	71.474	622
71.500	617	71.525	650
71.551	621	71.575	648
71.601	627	71.627	650
71.652	625	71.677	647
71.702	616	71.728	640
71.754	616	71.778	634
71.804	604	71.829	622
71.855	586	71.880	610
71.905	573	71.931	592
71.956	553	71.981	573
72.007	536	72.032	568
72.058	517	72.082	544
72.108	502	72.134	537
72.159	482	72.184	522
72.209	473	72.235	510
72.261	465	72.285	505
72.311	463	72.336	503
72.362	457	72.386	505
72.412	461	72.438	510
72.463	472	72.488	519
72.513	487	72.539	531
72.565	502	72.589	543
72.615	515	72.640	555
72.666	534	72.691	570
72.716	554	72.742	595
72.767	572	72.792	604
72.818	585	72.843	618
72.869	601	72.893	633
72.919	614	72.945	639
72.970	627	72.995	646
73.020	625	73.046	645
73.072	623	73.096	647
73.122	623	73.147	645
73.173	603	73.197	631
73.223	601	73.249	622
73.274	585	73.300	610
73.324	569	73.350	591
73.376	555	73.401	578
73.426	532	73.451	559
73.477	514	73.503	549
73.527	493	73.553	532
73.578	485	73.604	522
73.629	472	73.654	513
73.680	470	73.705	506
73.730	462	73.756	505
73.781	465	73.807	512
73.831	467	73.857	511
73.883	483	73.908	521
73.933	487	73.958	531
73.984	503	74.010	541
74.034	520	74.060	560
74.085	541	74.111	574
74.135	555	74.161	589
74.187	577	74.212	614
74.237	589	74.262	619
74.288	603	74.314	630
74.338	615	74.364	638
74.389	620	74.415	643
74.440	626	74.465	646
74.491	628	74.516	646
74.541	617	74.567	639
74.592	605	74.618	635
74.642	597	74.668	619
74.694	581	74.719	610
74.744	565	74.769	592
74.795	549	74.821	575
74.845	529	74.871	568
74.896	512	74.922	550
74.946	489	74.972	528
74.998	483	75.023	526
75.048	472	75.073	514
75.099	467	75.125	509
75.149	473	75.175	507
75.200	464	75.226	507
75.251	473	75.276	512
75.302	484	75.327	517
75.352	490	75.378	534
75.403	512	75.429	546
75.453	524	75.479	560
75.505	541	75.530	575
75.555	558	75.580	598
75.606	575	75.632	606
75.656	591	75.682	615
75.707	603	75.733	629
75.757	610	75.783	641
75.809	619	75.834	644
75.859	624	75.884	645
75.910	627	75.936	644
75.960	615	75.986	638
76.011	603	76.037	630
76.062	598	76.087	622
76.113	577	76.138	612
76.163	563	76.189	596
76.214	543	76.240	584
76.264	526	76.290	564
76.316	510	76.341	544
76.366	495	76.391	532
76.417	479	76.443	524
76.467	473	76.493	513
76.518	472	76.544	510
76.569	465	76.594	506
76.620	468	76.645	509
76.670	476	76.695	514
76.721	483	76.747	522
76.771	496	76.797	536
76.822	509	76.848	548
76.873	527	76.898	557
76.924	543	76.949	584
76.974	561	77.000	589
77.025	577	77.051	605
77.075	591	77.101	618
77.127	602	77.152	630
77.177	611	77.202	637
77.228	622	77.254	643
77.278	608	77.304	648
77.329	617	77.355	643
77.380	613	77.405	633
77.431	600	77.456	639
77.481	587	77.506	620
77.532	576	77.558	608
77.582	560	77.608	590
77.633	544	77.659	570
77.684	525	77.709	561
77.735	509	77.760	545
77.786	494	77.811	530
77.836	486	77.862	522
77.887	482	77.912	513
77.938	468	77.963	508
77.989	469	78.013	507
78.039	471	78.065	507
78.090	478	78.115	524
78.140	488	78.166	522
78.192	500	78.216	535
78.242	515	78.267	545
78.293	530	78.317	567
78.343	547	78.369	579
78.394	566	78.419	592
78.444	578	78.470	606
78.496	591	78.520	619
78.546	605	78.571	629
78.597	613	78.622	641
78.647	619	78.673	644
78.698	617	78.723	644
78.749	613	78.774	640
78.800	607	78.824	641
78.850	597	78.876	632
78.901	585	78.926	619
78.951	570	78.977	603
79.003	556	79.027	587
79.053	539	79.078	576
79.104	527	79.129	559
79.154	512	79.180	541
79.205	496	79.230	530
79.255	483	79.281	521
79.307	480	79.331	518
79.357	479	79.382	509
79.408	474	79.433	506
79.458	469	79.484	516
79.509	482	79.534	517
79.560	495	79.585	527
79.611	504	79.635	537
79.661	520	79.687	548
79.712	535	79.737	565
79.762	549	79.788	573
79.814	565	79.838	589
79.864	579	79.889	606
79.915	595	79.940	620
79.965	604	79.991	632
80.016	608	80.041	640
80.066	613	80.092	647
80.118	614	80.142	650
80.168	609	80.193	645
80.219	599	80.244	639
80.269	593	80.295	630
80.320	580	80.345	616
80.371	567	80.396	601
80.422	553	80.446	587
80.472	537	80.498	573
80.523	523	80.548	558
80.573	507	80.599	544
80.625	491	80.649	532
80.675	481	80.700	520
80.726	476	80.751	513
80.776	485	80.802	508
80.827	475	80.853	508
80.877	481	80.903	512
80.929	485	80.954	519
80.979	495	81.004	522
81.030	506	81.056	537
81.080	519	81.106	546
81.131	535	81.157	564
81.182	551	81.207	574
81.233	565	81.258	599
81.283	580	81.309	609
81.334	595	81.360	621
81.384	601	81.410	630
81.436	607	81.461	637
81.486	612	81.511	642
81.537	610	81.563	645
81.587	606	81.613	645
81.638	600	81.664	637
81.689	592	81.714	618
81.740	579	81.765	611
81.790	566	81.815	598
81.841	550	81.867	587
81.891	534	81.917	574
81.942	523	81.968	557
81.993	509	82.018	541
82.044	495	82.069	529
82.094	486	82.120	520
82.145	483	82.171	512
82.195	480	82.221	513
82.247	477	82.272	511
82.297	482	82.322	509
82.348	490	82.374	517
82.398	497	82.424	531
82.449	509	82.475	536
82.500	520	82.525	553
82.551	541	82.576	568
82.601	553	82.626	581
82.652	566	82.678	596
82.702	581	82.728	610
82.753	591	82.779	620
82.804	599	82.829	632
82.855	611	82.880	639
82.905	607	82.931	644
82.956	612	82.982	645
83.006	605	83.032	643
83.058	596	83.083	640
83.108	588	83.133	626
83.159	576	83.185	618
83.209	564	83.235	601
83.260	550	83.286	588
83.311	534	83.336	569
83.362	522	83.387	555
83.412	507	83.437	540
83.463	493	83.489	528
83.513	486	83.539	519
83.564	484	83.590	513
83.615	482	83.640	508
83.666	479	83.691	507
83.716	482	83.742	509
83.767	492	83.793	516
83.817	501	83.843	530
83.869	513	83.894	539
83.919	531	83.944	553
83.970	546	83.996	564
84.020	553	84.046	582
84.071	562	84.097	598
84.122	575	84.147	612
84.173	587	84.198	624
84.223	596	84.249	634
84.274	594	84.300	636
84.324	606	84.350	643
84.375	605	84.401	643
84.426	601	84.451	647
84.477	595	84.502	634
84.528	585	84.553	622
84.578	575	84.604	613
84.629	561	84.654	597
84.680	542	84.705	583
84.731	530	84.755	565
84.781	517	84.807	554
84.832	508	84.857	540
84.882	499	84.908	527
84.934	494	84.958	519
84.984	489	85.009	514
85.035	483	85.060	508
85.085	483	85.111	512
85.136	491	85.161	516
85.186	495	85.212	520
85.238	503	85.262	527
85.288	519	85.313	541
85.339	526	85.364	555
85.389	540	85.415	570
85.440	553	85.465	586
85.491	561	85.516	600
85.542	582	85.566	613
85.592	584	85.618	625
85.643	589	85.668	631
85.693	602	85.719	642
85.745	603	85.769	643
85.795	602	85.820	642
85.846	599	85.871	645
85.896	593	85.922	631
85.947	584	85.972	628
85.997	572	86.023	608
86.049	560	86.073	597
86.099	548	86.124	580
86.150	527	86.175	566
86.200	523	86.226	552
86.251	512	86.276	537
86.302	497	86.327	526
86.353	495	86.377	522
86.403	487	86.429	513
86.454	486	86.479	505
86.504	489	86.530	512
86.556	491	86.580	512
86.606	496	86.631	530
86.657	509	86.682	531
86.707	517	86.733	540
86.758	528	86.783	561
86.809	540	86.834	573
86.860	554	86.884	586
86.910	571	86.935	602
86.961	579	86.986	614
87.011	591	87.037	626
87.062	589	87.087	635
87.113	600	87.138	633
87.164	603	87.188	641
87.214	602	87.240	638
87.265	596	87.290	636
87.315	591	87.341	629
87.367	582	87.391	617
87.417	571	87.442	604
87.468	558	87.493	592
87.518	547	87.544	578
87.569	530	87.595	563
87.620	523	87.645	546
87.671	516	87.696	533
87.721	500	87.746	525
87.772	499	87.798	516
87.822	490	87.848	507
87.873	493	87.899	505
87.924	489	87.949	511
87.975	492	88.000	516
88.025	499	88.051	529
88.076	506	88.102	536
88.126	519	88.152	548
88.178	529	88.203	561
88.228	535	88.253	575
88.279	558	88.305	592
88.329	567	88.355	604
88.380	576	88.406	618
88.431	590	88.456	628
88.482	592	88.507	632
88.532	597	88.557	640
88.583	599	88.609	647
88.633	598	88.659	644
88.684	598	88.710	634
88.735	590	88.760	623
88.786	580	88.811	614
88.836	569	88.862	605
88.887	559	88.913	588
88.937	542	88.963	575
88.989	543	89.014	561
89.039	525	89.064	549
89.090	517	89.116	530
89.140	503	89.166	525
89.191	507	89.217	519
89.242	492	89.267	512
89.293	490	89.318	514
89.343	491	89.369	512
89.394	494	89.420	520
89.444	501	89.470	523
89.495	509	89.521	542
89.546	518	89.571	547
89.597	529	89.622	565
89.647	546	89.673	578
89.698	555	89.724	592
89.748	566	89.774	607
89.800	577	89.825	617
89.850	589	89.875	628
89.901	592	89.927	631
89.951	596	89.977	644
90.002	597	90.028	636
90.053	596	90.078	637
90.104	594	90.129	633
90.154	587	90.180	620
90.205	579	90.231	615
90.255	570	90.281	600
90.306	557	90.332	587
90.357	546	90.382	574
90.408	534	90.433	558
90.458	529	90.484	545
90.509	509	90.535	533
90.559	505	90.585	530
90.611	498	90.636	515
90.661	491	90.686	514
90.712	491	90.738	513
90.762	492	90.788	514
90.813	499	90.839	519
90.864	503	90.889	533
90.915	510	90.940	541
90.965	523	90.991	554
91.016	528	91.042	566
91.066	545	91.092	581
91.117	558	91.143	594
91.168	560	91.193	607
91.219	576	91.244	611
91.269	584	91.295	629
91.320	591	91.346	639
91.370	597	91.396	640
91.422	597	91.447	634
91.472	596	91.497	636
91.523	592	91.549	630
91.573	588	91.599	623
91.624	580	91.650	610
91.675	574	91.700	598
91.726	554	91.751	580
91.776	546	91.802	570
91.827	537	91.853	555
91.877	527	91.903	542
91.929	517	91.954	532
91.979	505	92.004	523
92.030	500	92.055	517
92.080	495	92.106	515
92.131	493	92.157	521
92.181	491	92.207	515
92.233	497	92.258	523
92.283	502	92.308	533
92.334	514	92.360	544
92.384	518	92.410	556
92.435	526	92.461	570
92.486	546	92.511	584
92.537	551	92.562	601
92.587	566	92.613	609
92.638	574	92.664	620
92.688	578	92.714	635
92.740	591	92.765	638
92.790	594	92.815	635
92.841	598	92.866	632
92.891	595	92.917	634
92.942	593	92.968	626
92.992	589	93.018	617
93.044	578	93.069	608
93.094	562	93.119	595
93.145	560	93.171	586
93.195	547	93.221	569
93.246	532	93.272	554
93.297	525	93.322	546
93.348	513	93.373	530
93.398	503	93.424	526
93.449	499	93.475	514
93.499	495	93.525	514
93.551	493	93.576	523
93.601	494	93.626	517
93.652	497	93.677	527
93.702	503	93.728	536
93.753	512	93.779	546
93.803	518	93.829	560
93.855	529	93.880	572
93.905	546	93.930	588
93.956	547	93.982	601
94.006	566	94.032	609
94.057	575	94.083	617
94.108	584	94.133	632
94.159	591	94.184	639
94.209	595	94.235	642
94.260	596	94.286	631
94.310	595	94.336	628
94.362	591	94.387	622
94.412	592	94.437	615
94.463	580	94.489	604
94.513	569	94.539	592
94.564	555	94.590	577
94.614	544	94.640	567
94.666	534	94.691	552
94.716	524	94.741	540
94.767	512	94.793	531
94.817	506	94.843	525
94.868	501	94.894	527
94.919	495	94.944	511
94.970	494	94.995	524
95.020	494	95.046	521
95.071	500	95.097	530
95.121	500	95.147	541
95.173	511	95.198	550
95.223	524	95.248	561
95.274	534	95.300	574
95.324	535	95.350	583
95.375	554	95.401	598
95.425	564	95.451	616
95.477	576	95.502	619
95.527	580	95.552	627
95.578	591	95.604	625
95.628	594	95.654	627
95.679	595	95.705	631
95.730	600	95.755	627
95.781	589	95.806	618
95.831	593	95.857	612
95.882	573	95.908	599
95.932	566	95.958	589
95.984	560	96.009	575
96.034	545	96.059	557
96.085	533	96.111	553
96.135	523	96.161	540
96.186	515	96.212	529
96.236	506	96.262	528
96.288	500	96.313	524
96.338	496	96.363	522
96.389	493	96.415	521
96.439	493	96.465	527
96.490	496	96.516	534
96.541	504	96.566	539
96.592	513	96.617	553
96.642	523	96.668	564
96.693	533	96.719	580
96.743	544	96.769	590
96.795	556	96.820	601
96.845	568	96.870	611
96.896	577	96.922	617
96.946	584	96.972	624
96.997	591	97.023	630
97.047	595	97.073	630
97.099	595	97.124	628
97.150	596	97.174	624
97.200	591	97.226	616
97.251	584	97.276	610
97.301	579	97.327	598
97.353	569	97.377	587
97.403	557	97.428	573
97.454	545	97.479	560
97.504	534	97.530	549
97.555	523	97.580	539
97.606	514	97.631	532
97.657	506	97.681	527
97.707	500	97.733	524
97.758	502	97.783	524
97.808	497	97.834	525
97.860	497	97.884	532
97.910	504	97.935	537
97.961	508	97.985	545
98.011	507	98.037	555
98.062	521	98.087	566
98.112	534	98.138	576
98.164	546	98.188	589
98.214	554	98.239	599
98.265	568	98.290	607
98.315	577	98.341	623
98.366	585	98.391	625
