#Creator: pendulumviewEventBuffer
#Creation time: Sat Apr 16 16:43:29 2011
#Time A	Pos A	Time B	Pos B
#[s]	[au]	[s]	[au]
0.025	494	0.050	628
0.076	494	0.101	615
0.126	494	0.151	581
0.177	500	0.203	550
0.227	496	0.253	512
0.278	497	0.304	474
0.329	490	0.354	440
0.380	492	0.405	405
0.430	492	0.456	382
0.481	487	0.507	359
0.531	495	0.557	343
0.583	495	0.608	336
0.633	495	0.658	338
0.684	500	0.710	347
0.734	494	0.760	357
0.785	495	0.811	383
0.836	495	0.861	414
0.887	495	0.912	434
0.937	493	0.962	464
0.988	489	1.014	501
1.038	494	1.064	527
1.089	490	1.115	557
1.140	483	1.165	580
1.191	498	1.216	605
1.241	489	1.267	619
1.292	495	1.318	626
1.342	494	1.368	627
1.394	495	1.419	625
1.444	494	1.469	608
1.495	496	1.521	595
1.545	495	1.571	580
1.596	496	1.622	542
1.647	497	1.672	512
1.698	495	1.723	482
1.748	495	1.774	451
1.799	495	1.825	420
1.849	492	1.875	394
1.900	493	1.926	373
1.951	496	1.976	358
2.002	499	2.027	349
2.053	495	2.078	340
2.103	492	2.129	356
2.154	494	2.179	368
2.205	493	2.230	381
2.256	493	2.280	402
2.306	496	2.332	426
2.357	491	2.382	468
2.407	498	2.433	485
2.459	493	2.483	520
2.509	498	2.534	548
2.560	490	2.585	574
2.610	494	2.636	594
2.661	489	2.686	609
2.711	494	2.737	617
2.763	491	2.787	618
2.813	495	2.838	605
2.864	494	2.889	603
2.914	495	2.940	587
2.965	495	2.990	561
3.016	495	3.041	545
3.067	496	3.091	515
3.117	501	3.143	476
3.168	495	3.193	447
3.218	494	3.244	422
3.270	500	3.294	398
3.320	494	3.345	379
3.371	487	3.396	364
3.421	495	3.447	357
3.472	499	3.497	352
3.522	494	3.548	360
3.574	493	3.598	370
3.624	494	3.649	386
3.675	489	3.700	414
3.725	493	3.751	431
3.776	494	3.801	464
3.827	494	3.852	490
3.878	494	3.902	515
3.928	493	3.954	542
3.979	491	4.004	566
4.029	493	4.055	589
4.081	493	4.105	599
4.131	493	4.156	607
4.182	494	4.207	610
4.232	494	4.258	609
4.283	495	4.308	595
4.334	497	4.359	584
4.385	495	4.409	562
4.435	496	4.460	541
4.486	495	4.511	507
4.536	496	4.562	483
4.587	495	4.612	452
4.638	496	4.663	426
4.689	490	4.713	404
4.739	503	4.765	386
4.790	497	4.815	373
4.840	489	4.866	364
4.892	488	4.916	360
4.942	490	4.967	365
4.993	495	5.018	377
5.043	495	5.069	392
5.094	493	5.120	415
5.145	494	5.170	432
5.196	494	5.221	453
5.246	493	5.271	482
5.297	493	5.323	512
5.347	495	5.373	540
5.398	494	5.424	562
5.449	495	5.474	580
5.500	494	5.525	592
5.550	500	5.576	601
5.601	498	5.627	604
5.651	497	5.677	605
5.703	494	5.728	589
5.753	498	5.778	576
5.804	496	5.830	556
5.854	497	5.880	533
5.905	496	5.931	512
5.956	494	5.981	486
6.007	495	6.032	463
6.057	495	6.082	435
6.108	487	6.134	406
6.158	495	6.184	391
6.209	493	6.235	378
6.260	494	6.285	369
6.311	493	6.336	371
6.361	484	6.387	372
6.412	487	6.438	381
6.462	495	6.488	396
6.514	494	6.539	408
6.564	493	6.589	436
6.615	494	6.641	461
6.665	494	6.691	486
6.716	494	6.742	507
6.767	495	6.792	534
6.818	494	6.843	556
6.868	494	6.894	573
6.919	495	6.945	587
6.969	498	6.995	595
7.020	499	7.046	597
7.071	506	7.096	593
7.122	498	7.147	580
7.172	490	7.198	568
7.223	499	7.249	552
7.273	496	7.299	530
7.325	496	7.350	506
7.375	496	7.400	488
7.426	495	7.452	460
7.476	497	7.502	431
7.527	499	7.553	413
7.578	490	7.603	396
7.629	498	7.654	383
7.679	492	7.705	375
7.730	492	7.756	374
7.780	493	7.806	374
7.831	495	7.857	386
7.882	491	7.907	399
7.933	493	7.958	415
7.983	497	8.009	437
8.034	494	8.060	462
8.084	493	8.110	483
8.136	494	8.161	510
8.186	495	8.211	525
8.237	495	8.263	552
8.287	500	8.313	571
8.338	498	8.364	588
8.389	496	8.414	590
8.440	498	8.465	591
8.490	491	8.516	588
8.541	492	8.567	578
8.591	497	8.617	563
8.642	493	8.668	550
8.693	496	8.718	529
8.744	498	8.769	506
8.794	495	8.820	482
8.845	494	8.871	455
8.895	495	8.921	433
8.947	495	8.972	416
8.997	493	9.022	399
9.048	493	9.074	384
9.098	492	9.124	379
9.149	499	9.175	377
9.200	490	9.225	379
9.251	495	9.276	390
9.301	495	9.327	403
9.352	493	9.378	419
9.402	493	9.428	439
9.454	495	9.479	463
9.504	495	9.529	487
9.555	496	9.580	509
9.605	496	9.631	527
9.656	497	9.682	559
9.706	496	9.732	571
9.758	496	9.783	573
9.808	498	9.833	585
9.859	497	9.885	588
9.909	494	9.935	584
9.960	492	9.986	575
10.011	495	10.036	557
10.062	493	10.087	547
10.112	500	10.138	526
10.163	498	10.189	504
10.213	497	10.239	482
10.265	501	10.290	461
10.315	493	10.340	439
10.366	494	10.391	418
10.416	494	10.442	398
10.467	491	10.493	386
10.517	494	10.543	383
10.569	497	10.594	382
10.619	491	10.644	386
10.670	494	10.696	392
10.720	489	10.746	406
10.771	500	10.797	422
10.822	495	10.847	440
10.873	494	10.898	462
10.923	497	10.949	486
10.974	495	11.000	504
11.024	488	11.050	525
11.076	494	11.101	545
11.126	496	11.151	557
11.177	497	11.202	579
11.227	495	11.253	573
11.278	497	11.304	588
11.328	499	11.354	577
11.380	495	11.405	573
11.430	496	11.455	559
11.481	500	11.507	543
11.531	494	11.557	524
11.582	490	11.608	506
11.633	497	11.658	480
11.684	498	11.709	456
11.734	493	11.760	441
11.785	494	11.811	414
11.835	494	11.861	411
11.887	500	11.912	398
11.937	493	11.962	378
11.988	486	12.014	388
12.038	494	12.064	385
12.089	493	12.115	397
12.139	496	12.165	404
12.191	496	12.216	424
12.241	489	12.266	442
12.292	494	12.318	461
12.342	497	12.368	484
12.393	497	12.419	505
12.444	498	12.469	524
12.495	496	12.520	549
12.545	496	12.571	562
12.596	495	12.622	573
12.646	491	12.672	573
12.698	495	12.723	576
12.748	497	12.773	575
12.799	495	12.825	567
12.849	494	12.875	557
12.900	497	12.926	538
12.950	492	12.976	522
13.002	492	13.027	501
13.052	493	13.077	480
13.103	492	13.129	458
13.153	494	13.179	438
13.204	494	13.230	419
13.255	495	13.280	408
13.306	493	13.331	399
13.356	494	13.382	387
13.407	495	13.433	383
13.457	499	13.483	394
13.509	494	13.534	398
13.559	496	13.584	411
13.610	496	13.636	426
13.660	493	13.686	442
13.711	495	13.737	467
13.761	494	13.787	484
13.813	497	13.838	505
13.863	495	13.888	525
13.914	497	13.940	542
13.964	501	13.990	556
14.015	496	14.041	571
14.066	496	14.091	572
14.117	496	14.142	574
14.167	496	14.193	575
14.218	496	14.244	564
14.268	496	14.294	553
14.320	497	14.345	539
14.370	495	14.395	520
14.421	494	14.447	501
14.471	504	14.497	481
14.522	502	14.548	460
14.572	501	14.598	442
14.624	494	14.649	428
14.675	494	14.699	412
14.725	493	14.751	398
14.776	494	14.801	399
14.826	495	14.852	390
14.878	494	14.902	396
14.928	490	14.953	404
14.979	495	15.004	415
15.029	490	15.055	429
15.080	496	15.105	446
15.131	499	15.156	466
15.182	493	15.206	486
15.232	503	15.258	506
15.283	498	15.308	524
15.333	496	15.359	548
15.385	495	15.409	551
15.435	496	15.460	567
15.486	496	15.510	565
15.536	495	15.562	568
15.587	495	15.612	566
15.637	493	15.663	559
15.689	489	15.713	549
15.739	489	15.764	540
15.790	495	15.815	518
15.840	500	15.866	501
15.891	496	15.916	479
15.942	494	15.967	462
15.993	494	16.017	447
16.043	495	16.069	423
16.094	492	16.119	413
16.144	494	16.170	399
16.196	494	16.220	398
16.246	495	16.271	398
16.297	495	16.321	398
16.347	499	16.373	398
16.398	495	16.423	421
16.448	495	16.474	432
16.500	499	16.524	448
16.550	500	16.575	463
16.601	487	16.626	485
16.651	492	16.677	504
16.702	496	16.727	522
16.753	495	16.778	535
16.804	494	16.828	550
16.854	496	16.880	564
16.905	495	16.930	560
16.955	495	16.981	571
17.007	499	17.031	566
17.057	496	17.082	564
17.108	495	17.132	545
17.158	495	17.184	533
17.209	495	17.234	516
17.259	495	17.285	500
17.311	500	17.335	479
17.361	496	17.386	461
17.412	496	17.437	440
17.462	492	17.488	427
17.513	495	17.538	410
17.564	496	17.589	409
17.615	496	17.640	410
17.665	495	17.691	400
17.716	496	17.742	405
17.766	496	17.792	406
17.818	496	17.843	412
17.868	495	17.893	435
17.919	491	17.945	447
17.969	497	17.995	468
18.020	496	18.046	497
18.070	499	18.096	507
18.122	500	18.147	521
18.172	495	18.197	535
18.223	494	18.249	547
18.273	493	18.299	556
18.324	486	18.350	561
18.375	495	18.400	566
18.426	496	18.451	563
18.476	495	18.502	550
18.527	497	18.553	546
18.577	496	18.603	534
18.629	496	18.654	512
18.679	496	18.704	499
18.730	497	18.756	479
18.780	496	18.806	464
18.831	492	18.857	445
18.881	494	18.907	430
18.933	492	18.958	417
18.983	497	19.008	414
19.034	496	19.060	405
19.084	496	19.110	404
19.135	495	19.161	401
19.186	493	19.211	415
19.237	496	19.262	427
19.287	494	19.313	438
19.338	496	19.364	446
19.388	496	19.414	470
19.440	495	19.465	486
19.490	497	19.515	503
19.541	498	19.567	521
19.591	491	19.617	533
19.642	490	19.668	547
19.692	494	19.718	557
19.744	493	19.769	565
19.794	495	19.819	560
19.845	495	19.871	558
19.895	495	19.921	553
19.946	496	19.972	539
19.997	491	20.022	528
20.048	495	20.073	512
20.098	496	20.124	496
20.149	496	20.175	480
20.199	495	20.225	463
20.251	489	20.276	445
20.301	498	20.326	433
20.352	496	20.378	421
20.402	497	20.428	414
20.453	496	20.479	401
20.503	492	20.529	407
20.555	495	20.580	413
20.605	488	20.630	409
20.656	495	20.682	431
20.706	494	20.732	439
20.757	497	20.783	458
20.808	494	20.833	471
20.859	491	20.884	487
20.910	496	20.935	503
20.960	497	20.986	519
21.011	498	21.036	531
21.062	498	21.087	544
21.113	499	21.137	553
21.163	502	21.189	557
21.214	489	21.239	561
21.264	494	21.290	552
21.316	495	21.340	546
21.366	497	21.391	541
21.417	496	21.441	527
21.467	495	21.493	514
21.518	494	21.543	491
21.568	495	21.594	481
21.620	495	21.644	463
21.670	496	21.695	449
21.721	490	21.746	435
21.771	493	21.797	421
21.822	495	21.847	416
21.873	494	21.898	411
21.924	498	21.948	413
21.974	496	22.000	413
22.025	494	22.050	421
22.075	495	22.101	429
22.127	496	22.151	442
22.177	496	22.202	464
22.228	496	22.252	467
22.278	494	22.304	487
22.329	495	22.354	504
22.379	498	22.405	515
22.431	493	22.455	533
22.481	491	22.506	541
22.532	500	22.557	550
22.582	497	22.608	554
22.633	497	22.658	551
22.684	499	22.709	551
22.735	494	22.759	548
22.785	496	22.811	537
22.836	496	22.861	528
22.886	496	22.912	501
22.938	496	22.962	504
22.988	495	23.013	477
23.039	497	23.063	459
23.089	496	23.115	450
23.140	497	23.165	436
23.190	491	23.216	425
23.242	490	23.266	419
23.292	498	23.317	415
23.343	494	23.368	406
23.393	496	23.419	416
23.444	499	23.469	424
23.495	496	23.520	431
23.546	500	23.570	445
23.596	495	23.622	459
23.647	494	23.672	472
23.697	495	23.723	491
23.749	495	23.773	503
23.799	500	23.824	519
23.850	495	23.874	531
23.900	495	23.926	540
23.951	496	23.977	548
24.001	498	24.027	553
24.053	489	24.078	555
24.103	496	24.128	549
24.154	499	24.180	541
24.204	495	24.230	536
24.255	496	24.281	522
24.306	496	24.331	513
24.357	495	24.382	495
24.407	494	24.433	476
24.458	497	24.484	471
24.508	495	24.534	447
24.560	495	24.585	437
24.610	493	24.635	428
24.661	498	24.687	420
24.711	498	24.737	419
24.762	500	24.788	416
24.812	491	24.838	420
24.864	495	24.889	421
24.914	500	24.939	435
24.965	500	24.991	438
25.015	496	25.041	463
25.066	496	25.092	471
25.117	495	25.142	486
25.168	495	25.193	498
25.218	496	25.244	519
25.269	496	25.295	530
25.319	496	25.345	540
25.371	497	25.396	545
25.421	495	25.446	550
25.472	491	25.498	550
25.522	499	25.548	548
25.573	493	25.599	535
25.623	499	25.649	535
25.675	496	25.700	524
25.725	494	25.750	512
25.776	496	25.802	492
25.826	495	25.852	481
25.877	496	25.903	467
25.928	496	25.953	454
25.979	495	26.004	436
26.029	495	26.055	427
26.080	495	26.106	423
26.130	495	26.156	419
26.182	498	26.207	421
26.232	493	26.257	422
26.283	495	26.309	427
26.333	495	26.359	436
26.384	501	26.410	448
26.434	494	26.460	463
26.486	496	26.511	475
26.536	496	26.561	491
26.587	496	26.613	510
26.637	495	26.663	516
26.688	495	26.714	533
26.739	496	26.764	543
26.790	503	26.815	542
26.840	495	26.866	548
26.891	489	26.917	548
26.941	493	26.967	545
26.993	502	27.018	541
27.043	492	27.068	531
27.094	497	27.120	522
27.144	499	27.170	506
27.195	496	27.221	488
27.246	497	27.271	479
27.297	497	27.322	468
27.347	495	27.372	449
27.398	496	27.424	441
27.448	495	27.474	428
27.499	496	27.525	430
27.550	496	27.575	421
27.601	489	27.626	423
27.651	493	27.677	425
27.702	494	27.728	431
27.752	497	27.778	440
27.804	496	27.829	451
27.854	500	27.879	462
27.905	497	27.931	476
27.955	502	27.981	490
28.006	496	28.032	505
28.057	498	28.082	512
28.108	496	28.133	522
28.158	496	28.183	534
28.209	496	28.235	547
28.259	495	28.285	550
28.310	497	28.336	545
28.361	495	28.386	541
28.412	496	28.437	539
28.463	497	28.488	530
28.513	497	28.539	518
28.564	490	28.589	505
28.615	492	28.640	492
28.666	503	28.690	478
28.716	496	28.742	466
28.767	496	28.792	453
28.817	494	28.843	437
28.869	494	28.893	431
28.919	496	28.944	429
28.970	495	28.994	429
29.020	495	29.046	418
29.071	495	29.096	430
29.121	494	29.147	433
29.173	494	29.197	441
29.223	497	29.248	452
29.274	498	29.299	464
29.324	500	29.350	478
29.375	502	29.400	491
29.426	499	29.451	504
29.477	493	29.501	518
29.527	496	29.553	529
29.578	497	29.603	533
29.628	495	29.654	543
29.680	497	29.704	546
29.730	496	29.755	547
29.781	496	29.806	542
29.831	498	29.857	535
29.882	493	29.907	527
29.932	496	29.958	517
29.984	493	30.008	505
30.034	484	30.059	492
30.085	493	30.110	479
30.135	489	30.161	464
30.186	493	30.211	456
30.237	494	30.262	443
30.288	499	30.312	430
30.338	494	30.364	423
30.389	496	30.414	431
30.439	496	30.465	428
30.491	502	30.515	431
30.541	496	30.566	436
30.592	495	30.617	444
30.642	497	30.668	453
30.693	496	30.718	465
30.743	498	30.769	480
30.795	502	30.819	493
30.845	502	30.870	505
30.896	494	30.921	515
30.946	491	30.972	525
30.997	495	31.022	533
31.048	496	31.073	538
31.099	495	31.123	543
31.149	497	31.175	537
31.200	496	31.225	536
31.250	495	31.276	547
31.302	496	31.326	527
31.352	496	31.377	514
31.403	495	31.428	501
31.453	493	31.479	491
31.504	494	31.530	477
31.554	493	31.580	467
31.606	496	31.631	454
31.656	496	31.681	440
31.707	494	31.733	437
31.757	494	31.783	432
31.808	496	31.834	429
31.859	494	31.884	429
31.910	494	31.935	440
31.960	495	31.986	437
32.011	496	32.037	444
32.061	495	32.087	457
32.113	502	32.138	467
32.163	497	32.188	478
32.214	493	32.240	493
32.264	494	32.290	503
32.315	486	32.341	515
32.366	491	32.391	525
32.417	498	32.442	533
32.467	504	32.492	539
32.518	496	32.544	543
32.568	494	32.594	540
32.619	498	32.645	545
32.670	495	32.695	532
32.721	496	32.746	525
32.771	495	32.797	509
32.822	497	32.848	498
32.872	497	32.898	488
32.924	503	32.949	478
32.974	495	32.999	466
33.025	504	33.051	456
33.075	496	33.101	447
33.126	489	33.152	439
33.177	488	33.202	434
33.228	497	33.253	430
33.278	497	33.303	430
33.329	497	33.355	437
33.379	497	33.405	441
33.430	496	33.456	445
33.481	496	33.506	458
33.532	500	33.557	467
33.582	495	33.608	481
33.633	495	33.659	491
33.683	495	33.709	504
33.735	496	33.760	516
33.785	502	33.810	524
33.836	493	33.862	531
33.886	497	33.912	536
33.937	503	33.963	539
33.988	497	34.013	541
34.039	492	34.064	540
34.089	496	34.114	531
34.140	496	34.166	527
34.190	495	34.216	510
34.241	495	34.267	511
34.292	497	34.317	492
34.343	495	34.368	481
34.393	497	34.419	466
34.444	493	34.470	456
34.494	497	34.520	447
34.546	497	34.571	439
34.596	496	34.621	434
34.647	488	34.673	434
34.697	501	34.723	435
34.748	495	34.774	437
34.799	500	34.824	443
34.850	496	34.875	445
34.900	495	34.926	462
34.951	495	34.977	469
35.001	495	35.027	483
35.052	499	35.078	496
35.103	496	35.128	505
35.154	495	35.179	514
35.205	492	35.230	520
35.255	496	35.281	531
35.306	497	35.331	538
35.357	492	35.382	536
35.408	502	35.432	536
35.458	496	35.484	533
35.509	501	35.534	529
35.559	497	35.585	521
35.611	494	35.635	509
35.661	497	35.686	494
35.712	496	35.737	494
35.762	496	35.788	478
35.813	496	35.838	464
35.863	499	35.889	456
35.915	496	35.939	443
35.965	495	35.990	442
36.016	502	36.041	437
36.066	502	36.092	435
36.117	497	36.142	435
36.168	494	36.193	437
36.219	496	36.243	445
36.269	496	36.295	451
36.320	500	36.345	461
36.370	492	36.396	466
36.422	495	36.446	482
36.472	496	36.497	495
36.523	499	36.548	512
36.573	497	36.599	512
36.624	491	36.649	528
36.674	496	36.700	531
36.726	500	36.750	532
36.776	498	36.801	536
36.827	495	36.852	529
36.877	500	36.903	532
36.928	495	36.953	527
36.979	491	37.004	519
37.030	494	37.054	508
37.080	493	37.106	500
37.131	492	37.156	485
37.181	495	37.207	473
37.233	496	37.257	469
37.283	496	37.308	466
37.334	496	37.359	451
37.384	495	37.410	444
37.435	496	37.460	439
37.486	491	37.511	437
37.537	494	37.561	437
37.587	490	37.612	439
37.638	499	37.663	443
37.688	492	37.714	453
37.739	490	37.764	463
37.790	493	37.815	473
37.841	496	37.865	485
37.891	495	37.917	490
37.942	496	37.967	502
37.992	496	38.018	519
38.044	492	38.068	522
38.094	499	38.119	527
38.145	495	38.170	531
38.195	503	38.221	537
38.246	500	38.272	534
38.297	494	38.322	530
38.348	492	38.373	524
38.398	495	38.423	518
38.449	502	38.475	509
38.499	491	38.525	505
38.550	498	38.576	488
38.601	496	38.626	480
38.652	498	38.677	466
38.702	496	38.728	448
38.753	494	38.779	451
38.803	496	38.829	446
38.855	496	38.880	440
38.905	495	38.930	442
38.956	497	38.982	440
39.006	495	39.032	443
39.057	499	39.083	450
39.108	495	39.133	456
39.159	496	39.184	464
39.209	494	39.234	473
39.260	494	39.286	485
39.310	497	39.336	495
39.361	496	39.387	507
39.412	495	39.437	505
39.463	497	39.488	522
39.513	496	39.539	521
39.564	496	39.590	534
39.614	496	39.640	531
39.666	496	39.691	531
39.716	495	39.741	529
39.767	501	39.793	524
39.817	497	39.843	516
39.868	500	39.894	508
39.919	501	39.944	499
39.970	493	39.995	488
40.020	501	40.046	477
40.071	496	40.097	469
40.121	497	40.147	459
40.172	498	40.198	451
40.223	497	40.248	447
40.274	495	40.299	445
40.324	496	40.350	441
40.375	496	40.401	440
40.425	495	40.451	443
40.477	497	40.502	451
40.527	496	40.552	458
40.578	496	40.604	465
40.628	502	40.654	475
40.679	488	40.705	485
40.730	498	40.755	495
40.781	504	40.806	504
40.831	496	40.857	514
40.882	496	40.908	520
40.932	496	40.958	530
40.983	497	41.009	530
41.034	496	41.059	535
41.085	498	41.110	533
41.135	497	41.161	520
41.186	497	41.212	522
41.236	497	41.262	515
41.288	494	41.313	512
41.338	501	41.363	499
41.389	493	41.415	487
41.439	496	41.465	477
41.490	492	41.516	472
41.541	490	41.566	459
41.592	495	41.617	448
41.642	497	41.668	447
41.693	496	41.719	441
41.743	495	41.769	444
41.794	496	41.820	444
41.845	500	41.870	448
41.896	496	41.921	452
41.946	497	41.972	459
41.997	503	42.023	460
42.047	497	42.073	475
42.099	496	42.124	485
42.149	498	42.174	493
42.200	495	42.226	505
42.250	490	42.276	513
42.301	495	42.327	520
42.352	496	42.377	525
42.403	496	42.428	528
42.453	498	42.479	527
42.504	497	42.530	534
42.554	496	42.580	524
42.606	494	42.631	518
42.656	497	42.681	513
42.707	496	42.732	506
42.757	495	42.783	497
42.808	497	42.834	488
42.858	494	42.884	477
42.910	495	42.935	469
42.960	497	42.985	462
43.011	491	43.037	454
43.061	491	43.087	449
43.112	495	43.138	447
43.163	496	43.188	445
43.214	496	43.239	451
43.264	495	43.290	459
43.315	496	43.341	458
43.365	496	43.391	458
43.417	500	43.442	471
43.467	494	43.492	478
43.518	496	43.543	487
43.568	494	43.594	490
43.619	493	43.645	506
43.669	496	43.695	514
43.721	497	43.746	519
43.771	496	43.796	525
43.822	498	43.848	529
43.872	487	43.898	530
43.923	497	43.949	525
43.974	497	43.999	528
44.025	497	44.050	511
44.075	496	44.101	512
44.126	500	44.152	501
44.176	497	44.202	496
44.228	497	44.253	490
44.278	495	44.303	481
44.329	498	44.354	468
44.379	496	44.405	462
44.430	500	44.456	453
44.480	499	44.506	449
44.532	497	44.557	447
44.582	490	44.607	444
44.633	496	44.659	445
44.683	496	44.709	446
44.734	489	44.760	464
44.785	497	44.810	452
44.836	494	44.861	471
44.886	495	44.912	477
44.937	497	44.963	490
44.987	494	45.013	498
45.039	485	45.064	505
45.089	499	45.114	512
45.140	503	45.166	519
45.190	502	45.216	526
45.241	503	45.267	527
45.291	499	45.317	533
45.343	501	45.368	525
45.393	496	45.418	524
45.444	497	45.470	517
45.494	497	45.520	502
45.545	496	45.571	501
45.596	495	45.621	496
45.647	498	45.672	491
45.697	496	45.723	478
45.748	496	45.774	470
45.798	499	45.824	462
45.850	501	45.875	454
45.900	496	45.925	452
45.951	502	45.977	450
46.001	498	46.027	447
46.052	494	46.078	443
46.102	495	46.128	452
46.154	494	46.179	463
46.204	497	46.229	469
46.255	496	46.281	469
46.305	497	46.331	478
46.356	496	46.382	489
46.407	496	46.432	503
46.458	502	46.483	505
46.508	496	46.534	512
46.559	496	46.585	518
46.609	493	46.635	518
46.661	500	46.686	525
46.711	496	46.736	525
46.762	493	46.788	524
46.812	496	46.838	525
46.863	496	46.889	518
46.913	499	46.939	508
46.965	496	46.990	509
47.015	500	47.040	500
47.066	497	47.092	483
47.116	494	47.142	473
47.167	497	47.193	470
47.218	500	47.243	464
47.269	498	47.294	456
47.319	495	47.345	452
47.370	499	47.396	451
47.420	499	47.446	453
47.472	502	47.497	451
47.522	497	47.547	454
47.573	497	47.599	457
47.623	496	47.649	471
47.674	496	47.700	472
47.724	497	47.750	486
47.776	497	47.801	488
47.827	496	47.851	496
47.877	496	47.903	504
47.928	496	47.953	514
47.978	495	48.004	518
48.030	496	48.054	517
48.080	496	48.105	524
48.131	498	48.156	525
48.181	491	48.207	523
48.232	495	48.257	514
48.283	496	48.308	516
48.334	495	48.358	510
48.384	497	48.410	505
48.435	497	48.460	495
48.485	495	48.511	486
48.537	497	48.561	482
48.587	499	48.612	472
48.638	496	48.662	463
48.688	500	48.714	457
48.739	497	48.764	454
48.789	493	48.815	452
48.841	500	48.865	451
48.891	494	48.916	452
48.942	497	48.967	455
48.992	493	49.018	461
49.043	487	49.068	468
49.094	496	49.119	473
49.145	496	49.169	478
49.195	488	49.221	493
49.246	496	49.271	500
49.296	498	49.322	510
49.348	491	49.372	515
49.398	496	49.423	517
49.449	495	49.473	517
49.499	500	49.525	524
49.550	500	49.575	517
49.600	496	49.626	522
49.652	501	49.676	517
49.702	492	49.727	511
49.753	495	49.778	508
49.803	496	49.829	502
49.854	498	49.879	494
49.905	496	49.930	483
49.956	495	49.980	482
50.006	497	50.032	477
50.057	495	50.082	463
50.107	496	50.133	455
50.159	496	50.183	453
50.209	496	50.234	453
50.260	497	50.284	453
50.310	497	50.336	454
50.361	492	50.386	456
50.411	498	50.437	461
50.463	497	50.487	468
50.513	507	50.538	477
50.564	495	50.589	483
50.614	496	50.640	485
50.665	496	50.690	496
50.716	497	50.741	504
50.767	497	50.792	507
50.817	497	50.843	516
50.868	491	50.894	519
50.918	496	50.944	528
50.970	497	50.995	523
51.020	496	51.045	522
51.071	503	51.097	515
51.121	495	51.147	513
51.172	496	51.198	508
51.222	495	51.248	501
51.274	502	51.299	496
51.324	496	51.349	484
51.375	495	51.401	479
51.425	497	51.451	473
51.476	499	51.502	468
51.527	496	51.552	463
51.578	498	51.603	456
51.628	497	51.654	454
51.679	497	51.705	455
51.729	496	51.755	455
51.781	497	51.806	459
51.831	497	51.856	466
51.882	493	51.908	469
51.932	499	51.958	476
51.983	497	52.009	488
52.033	492	52.059	490
52.085	499	52.110	503
52.135	496	52.160	506
52.186	496	52.212	512
52.236	495	52.262	514
52.287	496	52.313	523
52.338	499	52.363	519
52.389	497	52.414	520
52.439	497	52.465	519
52.490	496	52.516	514
52.540	493	52.566	513
52.592	497	52.617	507
52.642	491	52.667	499
52.693	495	52.719	493
52.743	493	52.769	485
52.794	491	52.820	476
52.844	497	52.870	476
52.896	497	52.921	463
52.946	496	52.971	464
52.997	497	53.023	461
53.047	496	53.073	457
53.098	503	53.124	451
53.149	497	53.174	458
53.200	496	53.225	460
53.250	493	53.276	465
53.301	498	53.327	470
53.351	493	53.377	479
53.403	501	53.428	484
53.453	497	53.478	492
53.504	497	53.530	499
53.554	500	53.580	504
53.605	495	53.631	509
53.655	498	53.681	514
53.707	495	53.732	516
53.757	494	53.782	525
53.808	496	53.834	521
53.858	497	53.884	522
53.909	496	53.935	514
53.960	500	53.985	511
54.011	488	54.036	505
54.062	503	54.087	499
54.112	493	54.138	493
54.163	493	54.188	492
54.214	502	54.239	478
54.265	495	54.289	470
54.315	491	54.341	464
54.366	496	54.391	465
54.416	496	54.442	462
54.468	496	54.492	457
54.518	497	54.543	468
54.569	497	54.593	457
54.619	496	54.645	466
54.670	494	54.695	455
54.720	500	54.746	473
54.772	499	54.796	479
54.822	497	54.847	485
54.873	497	54.898	489
54.923	500	54.949	499
54.974	492	54.999	502
55.025	497	55.050	509
55.076	497	55.100	517
55.126	494	55.152	515
55.177	497	55.202	518
55.227	496	55.253	520
55.279	497	55.303	516
55.329	495	55.354	510
55.380	496	55.404	511
55.430	492	55.456	503
55.481	500	55.506	499
55.531	500	55.557	491
55.583	496	55.607	484
55.633	498	55.658	479
55.684	490	55.709	473
55.734	498	55.760	466
55.785	496	55.810	464
55.836	498	55.861	460
55.887	494	55.911	458
55.937	497	55.963	454
55.988	497	56.013	471
56.038	487	56.064	460
56.090	497	56.114	467
56.140	494	56.165	473
56.191	495	56.215	475
56.241	492	56.267	486
56.292	498	56.317	493
56.342	495	56.368	498
56.394	496	56.418	503
56.444	496	56.469	509
56.495	491	56.520	515
56.545	497	56.571	515
56.596	497	56.621	521
56.647	498	56.672	518
56.698	497	56.722	515
56.748	501	56.774	518
56.799	498	56.824	506
56.849	496	56.875	503
56.901	497	56.925	498
56.951	497	56.976	492
57.002	498	57.026	487
57.052	492	57.078	478
57.103	500	57.129	475
57.153	493	57.179	468
57.205	494	57.230	461
57.255	497	57.280	461
57.306	496	57.332	457
57.356	496	57.382	453
57.407	495	57.433	464
57.458	497	57.483	465
57.509	497	57.534	469
57.559	497	57.585	477
57.610	495	57.636	480
57.660	494	57.686	487
57.712	497	57.737	498
57.762	491	57.787	499
57.813	498	57.839	505
57.863	497	57.889	510
57.914	496	57.940	512
57.964	497	57.990	517
58.016	488	58.041	519
58.066	497	58.091	512
58.117	497	58.143	515
58.167	496	58.193	506
58.218	498	58.244	509
58.269	499	58.294	501
58.320	492	58.345	496
58.370	495	58.396	490
58.421	497	58.447	483
58.471	498	58.497	479
58.523	493	58.548	474
58.573	494	58.598	471
58.624	499	58.650	464
58.674	496	58.700	460
58.725	493	58.751	461
58.775	496	58.801	463
58.827	498	58.852	465
58.877	496	58.902	464
58.928	497	58.954	472
58.978	496	59.004	476
59.029	498	59.055	483
59.080	496	59.105	490
59.131	496	59.156	494
59.181	496	59.207	500
59.232	500	59.258	506
59.282	494	59.308	509
59.334	496	59.359	518
59.384	501	59.409	514
59.435	496	59.461	516
59.485	498	59.511	518
59.536	499	59.562	519
59.586	496	59.612	511
59.638	497	59.663	507
59.688	496	59.713	507
59.739	496	59.765	499
59.789	497	59.815	489
59.840	503	59.866	486
59.891	497	59.916	478
59.942	496	59.967	474
59.992	498	60.018	471
60.043	490	60.069	466
60.093	496	60.119	464
60.145	496	60.170	464
60.195	496	60.220	459
60.246	498	60.272	466
60.296	498	60.322	466
60.347	496	60.373	468
60.398	498	60.423	485
60.449	497	60.474	478
60.499	497	60.524	492
60.550	504	60.576	500
60.600	496	60.626	500
60.651	496	60.677	506
60.702	492	60.727	509
60.753	497	60.778	513
60.803	495	60.829	522
60.854	505	60.880	515
60.904	492	60.930	515
60.956	500	60.981	513
61.006	497	61.031	506
61.057	499	61.083	501
61.107	496	61.133	496
61.158	493	61.184	499
61.209	498	61.234	495
61.260	498	61.285	488
61.310	497	61.335	472
61.361	497	61.387	474
61.411	494	61.437	469
61.462	496	61.488	466
61.513	499	61.538	463
61.564	501	61.589	464
61.615	491	61.640	473
61.665	502	61.691	467
61.716	498	61.741	463
61.767	494	61.792	466
61.818	496	61.842	482
61.868	496	61.894	483
61.919	497	61.944	484
61.969	496	61.995	494
62.021	497	62.045	502
62.071	504	62.096	507
62.122	497	62.146	510
62.172	498	62.198	512
62.223	498	62.248	515
62.273	496	62.299	516
62.325	500	62.349	513
62.375	502	62.400	517
62.426	497	62.451	508
62.476	496	62.502	505
62.527	497	62.552	510
62.578	498	62.603	494
62.629	497	62.653	489
62.679	497	62.705	484
62.730	490	62.755	478
62.780	497	62.806	475
62.832	493	62.856	468
62.882	496	62.907	467
62.933	493	62.958	465
62.983	498	63.009	464
63.034	503	63.059	466
63.084	494	63.110	469
63.136	499	63.160	470
63.186	497	63.211	475
63.237	498	63.262	480
63.287	497	63.313	482
63.338	497	63.363	488
63.389	496	63.414	494
63.440	496	63.464	504
63.490	497	63.516	505
63.541	496	63.566	509
63.591	498	63.617	510
63.643	495	63.667	513
63.693	493	63.718	513
63.744	491	63.769	512
63.794	499	63.820	511
63.845	489	63.870	510
63.895	498	63.921	504
63.947	496	63.971	498
63.997	496	64.022	498
64.048	497	64.073	488
64.098	496	64.124	480
64.149	494	64.174	479
64.200	497	64.225	474
64.251	496	64.275	473
64.301	498	64.327	469
64.352	496	64.377	466
64.402	497	64.428	467
64.454	496	64.478	467
64.504	500	64.529	470
64.555	502	64.580	472
64.605	500	64.631	477
64.656	487	64.682	480
64.706	496	64.732	491
64.758	498	64.783	488
64.808	499	64.833	497
64.859	496	64.885	504
64.909	497	64.935	502
64.960	497	64.986	506
65.011	502	65.036	510
65.062	498	65.087	512
65.112	497	65.138	516
65.163	503	65.189	512
65.213	496	65.239	510
65.265	498	65.290	506
65.315	492	65.340	503
65.366	497	65.392	500
65.416	498	65.442	501
65.467	497	65.493	491
65.518	496	65.543	484
65.569	496	65.594	488
65.619	497	65.644	476
65.670	496	65.696	464
65.720	496	65.746	469
65.771	496	65.797	468
65.822	496	65.847	468
65.873	496	65.898	468
65.923	499	65.949	472
65.974	496	66.000	473
66.024	495	66.050	475
66.076	496	66.101	481
66.126	493	66.151	488
66.177	496	66.203	497
66.227	497	66.253	498
66.278	496	66.304	496
66.329	496	66.354	504
66.380	496	66.405	506
66.430	500	66.455	510
66.481	497	66.507	514
66.531	494	66.557	511
66.582	496	66.608	513
66.633	499	66.658	508
66.684	496	66.709	506
66.734	500	66.760	502
66.785	498	66.811	498
66.835	498	66.861	493
66.887	496	66.912	489
66.937	500	66.962	483
66.988	497	67.014	478
67.038	496	67.064	471
67.089	495	67.115	476
67.140	496	67.165	465
67.191	496	67.216	473
67.241	496	67.266	469
67.292	497	67.318	472
67.342	496	67.368	469
67.393	500	67.419	474
67.444	496	67.469	478
67.495	494	67.520	483
67.545	503	67.571	488
67.596	497	67.622	495
67.646	497	67.672	500
67.698	496	67.723	501
67.748	497	67.773	501
67.799	498	67.825	503
67.849	498	67.875	510
67.900	496	67.926	504
67.951	496	67.976	511
68.002	498	68.027	510
68.052	496	68.078	509
68.103	502	68.129	505
68.153	496	68.179	503
68.204	498	68.230	498
68.255	500	68.280	494
68.306	497	68.331	496
68.357	498	68.382	486
68.407	496	68.433	481
68.458	496	68.483	476
68.509	497	68.534	469
68.560	493	68.584	471
68.610	496	68.636	469
68.661	496	68.686	472
68.711	497	68.737	471
68.763	496	68.787	473
68.813	490	68.838	476
68.864	502	68.889	480
68.914	498	68.940	484
68.965	501	68.990	487
69.015	498	69.041	492
69.067	498	69.091	499
69.117	498	69.142	495
69.168	496	69.193	502
69.218	498	69.244	507
69.269	498	69.294	502
69.320	497	69.345	515
69.371	498	69.395	511
69.421	498	69.447	511
69.472	497	69.497	508
69.522	490	69.548	506
69.574	497	69.598	501
69.624	496	69.649	497
69.675	499	69.700	494
69.725	506	69.751	488
69.776	496	69.801	489
69.826	496	69.852	482
69.878	498	69.902	478
69.928	496	69.953	473
69.979	497	70.004	477
70.029	498	70.055	472
70.080	497	70.105	475
70.131	496	70.156	473
70.182	496	70.206	474
70.232	500	70.258	473
70.283	499	70.308	480
70.333	504	70.359	485
70.385	501	70.409	489
70.435	492	70.460	494
70.486	496	70.511	497
70.536	490	70.562	500
70.587	496	70.612	504
70.638	498	70.663	506
70.689	494	70.713	508
70.739	496	70.764	511
70.790	497	70.815	511
70.840	499	70.866	507
70.891	496	70.916	509
70.942	497	70.967	505
70.993	497	71.017	500
71.043	497	71.069	496
71.094	498	71.119	488
71.144	499	71.170	489
71.196	495	71.220	483
71.246	493	71.271	480
71.297	498	71.322	478
71.347	497	71.373	472
71.398	497	71.424	474
71.449	497	71.474	470
71.500	496	71.525	470
71.550	495	71.575	467
71.601	497	71.627	477
71.651	497	71.677	477
71.702	499	71.728	481
71.753	495	71.778	488
71.804	500	71.829	489
71.854	504	71.880	495
71.905	491	71.931	498
71.955	493	71.981	500
72.007	496	72.032	506
72.057	496	72.082	505
72.108	496	72.134	512
72.158	498	72.184	511
72.209	497	72.235	515
72.260	498	72.285	503
72.311	497	72.336	507
72.361	496	72.386	502
72.412	495	72.438	500
72.462	497	72.488	495
72.513	502	72.539	493
72.564	489	72.589	488
72.615	492	72.640	483
72.665	501	72.691	480
72.716	496	72.742	480
72.766	497	72.792	474
72.818	501	72.843	475
72.868	495	72.893	473
72.919	498	72.945	462
72.969	497	72.995	479
73.020	500	73.046	476
73.071	498	73.096	479
73.122	495	73.147	482
73.172	489	73.198	490
73.223	500	73.249	490
73.273	495	73.299	495
73.324	496	73.350	499
73.375	499	73.400	501
73.426	499	73.451	504
73.476	492	73.502	514
73.527	497	73.553	508
73.577	495	73.603	508
73.629	496	73.654	512
73.679	497	73.704	511
73.730	496	73.756	504
73.780	492	73.806	501
73.831	497	73.857	500
73.882	497	73.907	494
73.933	497	73.958	491
73.983	499	74.009	489
74.034	500	74.060	487
74.084	503	74.110	481
74.135	498	74.161	479
74.186	498	74.211	477
74.237	497	74.262	468
74.287	497	74.313	472
74.338	497	74.364	472
74.388	498	74.414	472
74.440	491	74.465	472
74.490	496	74.515	477
74.541	497	74.567	483
74.591	496	74.617	489
74.642	497	74.668	491
74.693	496	74.718	494
74.744	498	74.769	499
74.794	505	74.820	502
74.845	498	74.871	506
74.895	497	74.921	504
74.946	498	74.972	508
74.997	494	75.022	509
75.048	497	75.073	507
75.098	498	75.124	510
75.149	497	75.175	504
75.199	497	75.225	502
75.251	501	75.276	491
75.301	500	75.326	491
75.352	496	75.378	487
75.402	494	75.428	487
75.453	494	75.479	484
75.504	496	75.529	481
75.555	500	75.580	480
75.605	502	75.631	477
75.656	495	75.682	474
75.706	496	75.732	475
75.758	496	75.783	475
75.808	498	75.833	478
75.859	496	75.884	479
75.909	498	75.935	489
75.960	497	75.986	482
76.010	500	76.036	489
76.062	497	76.087	494
76.112	497	76.137	495
76.163	495	76.189	499
76.213	501	76.239	501
76.264	492	76.290	503
76.315	496	76.340	506
76.366	498	76.391	500
76.416	491	76.442	506
76.467	500	76.493	507
76.517	497	76.543	506
76.569	497	76.594	493
76.619	495	76.644	499
76.670	497	76.695	496
76.720	496	76.746	498
76.771	498	76.797	490
76.821	497	76.847	493
76.873	497	76.898	486
76.923	497	76.948	481
76.974	496	77.000	478
77.024	502	77.050	477
77.075	500	77.101	476
77.126	499	77.151	478
77.177	492	77.202	477
77.227	497	77.253	484
77.278	498	77.304	483
77.328	494	77.354	476
77.380	497	77.405	483
77.430	498	77.455	485
77.481	498	77.506	502
77.531	497	77.557	496
77.582	497	77.608	498
77.632	497	77.658	500
77.684	500	77.709	503
77.734	500	77.759	506
77.785	504	77.811	506
77.835	499	77.861	506
77.886	495	77.912	508
77.937	488	77.962	503
77.988	497	78.013	502
78.038	496	78.064	503
78.089	498	78.115	494
78.139	497	78.165	497
78.191	497	78.216	489
78.241	496	78.266	488
78.292	497	78.318	484
78.342	498	78.368	478
78.393	502	78.419	480
78.443	497	78.469	478
78.495	496	78.520	476
78.545	493	78.570	477
78.596	497	78.622	480
78.646	490	78.672	482
78.697	496	78.723	481
78.748	498	78.773	484
78.799	500	78.824	485
78.849	496	78.875	492
78.900	497	78.926	496
78.950	497	78.976	501
79.002	494	79.027	496
79.052	498	79.077	502
79.103	500	79.129	503
79.153	497	79.179	505
79.204	498	79.230	509
79.254	491	79.280	505
79.306	493	79.331	505
79.356	497	79.381	509
79.407	502	79.433	502
79.457	498	79.483	498
79.508	497	79.534	498
79.559	497	79.584	488
79.610	498	79.635	494
79.660	498	79.686	491
79.711	498	79.737	484
79.761	499	79.787	485
79.813	496	79.838	485
79.863	497	79.888	479
79.914	498	79.940	478
79.964	499	79.990	479
80.015	506	80.041	480
80.065	497	80.091	480
80.117	492	80.142	486
80.167	496	80.192	485
80.218	501	80.244	488
80.268	495	80.294	491
80.319	491	80.345	495
80.371	497	80.395	499
80.421	496	80.446	500
80.472	498	80.497	504
80.522	498	80.548	497
80.573	497	80.598	503
80.624	497	80.649	505
80.675	498	80.699	507
80.725	492	80.751	505
80.776	498	80.801	503
80.826	495	80.852	500
80.878	500	80.902	496
80.928	495	80.953	493
80.979	491	81.003	492
81.029	498	81.055	490
81.080	506	81.105	484
81.130	498	81.156	479
81.182	497	81.206	486
81.232	495	81.257	479
81.283	497	81.308	481
81.333	497	81.359	484
81.384	496	81.409	479
81.435	494	81.460	480
81.486	500	81.510	483
81.536	499	81.562	484
81.587	502	81.612	487
81.637	497	81.663	488
81.689	497	81.713	491
81.739	494	81.764	494
81.790	495	81.814	502
81.840	497	81.866	500
81.891	496	81.916	499
81.941	497	81.967	501
81.993	498	82.017	502
82.043	502	82.068	499
82.094	498	82.119	504
82.144	492	82.170	501
82.195	496	82.220	501
82.246	492	82.271	496
82.297	495	82.321	497
82.347	502	82.373	495
82.398	496	82.423	493
82.448	496	82.474	489
82.500	497	82.524	487
82.550	498	82.575	483
82.601	497	82.625	486
82.651	497	82.677	482
82.702	497	82.727	482
82.752	497	82.778	484
82.804	497	82.828	485
82.854	498	82.879	481
82.905	503	82.930	482
82.955	498	82.981	485
83.006	494	83.031	486
83.057	498	83.082	489
83.108	495	83.132	492
83.158	500	83.184	494
83.209	496	83.234	497
83.259	495	83.285	498
83.311	498	83.335	502
83.361	499	83.386	503
83.412	498	83.436	497
83.462	497	83.488	503
83.513	501	83.539	501
83.563	498	83.589	502
83.615	498	83.640	500
83.665	498	83.690	499
83.716	494	83.742	500
83.766	497	83.792	493
83.817	499	83.843	491
83.868	501	83.893	492
83.919	496	83.944	486
83.969	499	83.995	486
84.020	497	84.046	483
84.070	495	84.096	478
84.122	497	84.147	486
84.172	498	84.197	480
84.223	497	84.249	481
84.273	497	84.299	483
84.324	497	84.350	483
84.374	496	84.400	483
84.426	499	84.451	488
84.476	497	84.501	492
84.527	496	84.553	493
84.577	489	84.603	496
84.628	500	84.654	496
84.679	496	84.704	500
84.730	498	84.755	501
84.780	499	84.806	502
84.831	497	84.857	507
84.881	497	84.907	499
84.933	498	84.958	505
84.983	498	85.008	496
85.034	498	85.060	508
85.084	495	85.110	503
85.135	498	85.161	496
85.185	496	85.211	493
85.237	495	85.262	494
85.287	499	85.312	488
85.338	500	85.364	485
85.388	504	85.414	484
85.439	498	85.465	485
85.490	496	85.515	482
85.541	499	85.566	478
85.591	499	85.617	480
85.642	500	85.668	479
85.692	496	85.718	484
85.744	493	85.769	486
85.794	498	85.819	481
85.845	494	85.871	491
85.895	494	85.921	497
85.946	497	85.972	492
85.996	494	86.022	496
86.048	502	86.073	499
86.098	498	86.123	499
86.149	497	86.175	501
86.199	496	86.225	502
86.250	501	86.276	496
86.301	499	86.326	503
86.352	498	86.377	508
86.402	498	86.428	500
86.453	497	86.479	502
86.503	497	86.529	499
86.555	497	86.580	495
86.605	497	86.630	491
86.656	497	86.682	491
86.706	499	86.732	488
86.757	499	86.783	488
86.807	503	86.833	485
86.859	496	86.884	483
86.909	496	86.934	483
86.960	497	86.986	482
87.010	489	87.036	482
87.061	494	87.087	482
87.112	498	87.137	484
87.163	497	87.188	490
87.214	497	87.239	486
87.264	497	87.290	487
87.315	499	87.340	487
87.366	491	87.391	495
87.417	497	87.441	497
87.467	499	87.493	497
87.518	500	87.543	499
87.568	493	87.594	509
87.620	504	87.644	497
87.670	493	87.695	502
87.721	492	87.745	501
87.771	502	87.797	502
87.822	498	87.847	501
87.872	495	87.898	500
87.924	498	87.948	499
87.974	498	87.999	496
88.025	497	88.050	493
88.075	495	88.101	500
88.126	497	88.151	489
88.177	490	88.202	482
88.228	496	88.252	485
88.278	497	88.304	485
88.329	502	88.354	484
88.379	497	88.405	484
88.431	501	88.455	479
88.481	502	88.506	484
88.532	502	88.556	485
88.582	504	88.608	485
88.633	498	88.658	489
88.683	497	88.709	490
88.735	497	88.759	493
88.785	497	88.810	493
88.836	497	88.861	499
88.886	494	88.912	502
88.937	498	88.962	495
88.988	497	89.013	501
89.039	496	89.063	502
89.089	493	89.115	502
89.140	488	89.165	502
89.190	497	89.216	501
89.242	499	89.266	506
89.292	494	89.317	499
89.343	496	89.367	497
89.393	497	89.419	486
89.444	498	89.469	496
89.494	498	89.520	485
89.546	499	89.570	482
89.596	496	89.621	486
89.647	497	89.672	486
89.697	497	89.723	486
89.748	499	89.773	483
89.799	491	89.824	484
89.850	497	89.874	484
89.900	496	89.926	486
89.951	497	89.976	486
90.001	492	90.027	487
90.053	498	90.077	488
90.103	491	90.128	491
90.154	495	90.178	497
90.204	498	90.230	497
90.255	497	90.281	496
90.305	497	90.331	499
90.357	497	90.382	500
90.407	497	90.432	500
90.458	498	90.484	503
90.508	499	90.534	501
90.559	498	90.585	500
90.610	498	90.635	499
90.661	502	90.686	499
90.711	493	90.737	498
90.762	500	90.788	497
90.812	500	90.838	490
90.864	496	90.889	491
90.914	497	90.939	489
90.965	498	90.991	493
91.015	496	91.041	484
91.066	497	91.092	483
91.116	498	91.142	485
91.168	497	91.193	483
91.218	499	91.243	483
91.269	498	91.295	485
91.319	498	91.345	485
91.370	501	91.396	487
91.421	494	91.446	489
91.472	499	91.497	490
91.522	495	91.548	492
91.573	500	91.599	490
91.623	497	91.649	499
91.675	497	91.700	496
91.725	497	91.750	498
91.776	495	91.802	499
91.826	498	91.852	502
91.877	496	91.903	500
91.927	499	91.953	497
91.979	493	92.004	499
92.029	497	92.054	500
92.080	494	92.106	498
92.130	498	92.156	497
92.181	491	92.207	495
92.232	504	92.257	493
92.283	500	92.308	495
92.333	496	92.359	490
92.384	500	92.410	488
92.434	498	92.460	488
92.486	498	92.511	487
92.536	497	92.561	486
92.587	495	92.613	480
92.637	496	92.663	489
92.688	497	92.714	487
92.738	498	92.764	491
92.790	499	92.815	487
92.840	494	92.865	489
92.891	497	92.917	491
92.941	499	92.967	489
92.992	500	93.018	495
93.043	491	93.068	501
93.094	496	93.119	496
93.144	502	93.170	497
93.195	496	93.221	500
93.245	495	93.271	503
93.297	501	93.322	498
93.347	496	93.372	502
93.398	498	93.424	503
93.448	504	93.474	491
93.499	497	93.525	498
93.550	499	93.575	494
93.601	496	93.626	495
93.651	500	93.676	493
93.702	494	93.728	489
93.752	491	93.778	490
93.803	502	93.829	490
93.854	499	93.879	489
93.905	496	93.930	490
93.955	497	93.981	487
94.006	498	94.032	488
94.056	498	94.082	484
94.108	497	94.133	484
94.158	497	94.183	491
94.209	497	94.235	488
94.259	497	94.285	485
94.310	496	94.336	494
94.361	495	94.386	495
94.412	497	94.437	495
94.462	495	94.487	496
94.513	504	94.539	499
94.563	503	94.589	502
94.614	500	94.640	500
94.665	495	94.690	499
94.716	496	94.741	501
94.767	494	94.792	496
94.817	497	94.843	503
94.868	499	94.893	503
94.919	497	94.944	493
94.970	497	94.994	493
95.020	496	95.046	496
95.071	497	95.096	493
95.121	499	95.147	491
95.173	499	95.197	490
95.223	493	95.248	489
95.274	495	95.298	489
95.324	498	95.350	484
95.375	500	95.400	487
95.425	496	95.451	481
95.477	498	95.501	485
95.527	497	95.552	489
95.578	497	95.603	487
95.628	497	95.654	488
95.679	497	95.704	497
95.730	500	95.755	497
95.781	497	95.805	496
95.831	498	95.857	495
95.882	497	95.907	500
95.932	505	95.958	497
95.984	491	96.008	499
96.034	495	96.059	495
96.085	493	96.110	500
96.135	497	96.161	500
96.186	498	96.211	500
96.236	498	96.262	497
96.288	498	96.312	502
96.338	497	96.363	500
96.389	499	96.414	489
96.439	498	96.465	498
96.490	495	96.515	491
96.541	497	96.566	490
96.592	497	96.616	489
96.642	496	96.668	496
96.693	492	96.718	488
96.743	499	96.769	487
