#Creator: pendulumviewEventBuffer
#Creation time: Sat Apr 16 18:07:12 2011
#Time A	Pos A	Time B	Pos B
#[s]	[au]	[s]	[au]
0.025	584	0.051	681
0.075	584	0.101	674
0.127	577	0.152	680
0.177	583	0.202	673
0.228	578	0.254	662
0.278	584	0.304	645
0.329	579	0.355	622
0.380	588	0.405	596
0.431	584	0.456	567
0.481	582	0.507	539
0.532	583	0.558	514
0.582	581	0.608	482
0.634	583	0.659	457
0.684	576	0.709	443
0.735	582	0.760	433
0.785	585	0.811	430
0.836	582	0.862	425
0.886	582	0.912	439
0.938	583	0.963	447
0.988	577	1.013	463
1.039	585	1.065	484
1.089	580	1.115	507
1.140	580	1.166	537
1.191	578	1.216	564
1.242	589	1.267	591
1.292	579	1.318	615
1.343	582	1.369	635
1.393	582	1.419	649
1.445	584	1.470	664
1.495	582	1.520	669
1.546	581	1.571	665
1.596	582	1.622	663
1.647	585	1.673	647
1.697	581	1.723	631
1.749	585	1.774	612
1.799	579	1.824	589
1.850	587	1.876	562
1.900	580	1.926	535
1.951	584	1.977	513
2.002	589	2.027	492
2.053	584	2.078	469
2.103	582	2.129	446
2.154	582	2.180	442
2.204	582	2.230	434
2.256	583	2.281	436
2.306	583	2.331	447
2.357	581	2.383	446
2.407	582	2.433	465
2.458	583	2.484	485
2.508	582	2.534	511
2.560	584	2.585	537
2.610	583	2.635	561
2.661	578	2.687	586
2.711	581	2.737	607
2.762	583	2.788	633
2.813	581	2.838	646
2.864	573	2.889	656
2.914	583	2.940	663
2.965	582	2.991	663
3.015	583	3.041	655
3.067	580	3.092	641
3.117	582	3.142	630
3.168	583	3.194	610
3.218	582	3.244	590
3.269	583	3.295	563
3.319	589	3.345	541
3.371	583	3.396	514
3.421	583	3.446	491
3.472	582	3.498	470
3.522	586	3.548	456
3.573	589	3.599	446
3.624	585	3.649	440
3.675	583	3.700	438
3.725	581	3.751	451
3.776	583	3.802	463
3.826	581	3.852	470
3.878	582	3.903	492
3.928	578	3.953	509
3.979	585	4.005	538
4.029	582	4.055	562
4.080	581	4.106	584
4.130	581	4.156	607
4.182	589	4.207	627
4.232	589	4.257	642
4.283	582	4.309	651
4.333	575	4.359	657
4.384	579	4.410	657
4.435	577	4.460	652
4.486	581	4.511	639
4.536	583	4.562	622
4.587	582	4.613	604
4.637	582	4.663	587
4.689	589	4.714	570
4.739	582	4.764	538
4.790	584	4.816	515
4.840	582	4.866	495
4.891	585	4.917	473
4.941	587	4.967	462
4.993	578	5.018	449
5.043	586	5.068	447
5.094	586	5.120	452
5.144	583	5.170	446
5.195	587	5.221	462
5.246	581	5.271	475
5.297	581	5.322	492
5.347	581	5.373	509
5.398	582	5.424	541
5.448	584	5.474	567
5.500	582	5.525	580
5.550	582	5.575	605
5.601	591	5.627	623
5.651	583	5.677	638
5.702	584	5.728	648
5.752	582	5.778	653
5.804	581	5.829	654
5.854	586	5.879	647
5.905	582	5.931	637
5.955	582	5.981	624
6.006	583	6.032	604
6.057	583	6.082	581
6.108	583	6.133	564
6.159	582	6.184	529
6.209	582	6.235	516
6.260	583	6.285	497
6.311	582	6.336	480
6.362	580	6.386	467
6.412	584	6.438	456
6.463	587	6.488	450
6.513	581	6.539	451
6.565	583	6.589	457
6.615	580	6.640	469
6.666	579	6.690	483
6.716	583	6.742	497
6.767	582	6.792	517
6.817	582	6.843	539
6.869	580	6.893	559
6.919	582	6.944	581
6.970	576	6.995	597
7.020	582	7.046	615
7.071	582	7.096	631
7.122	585	7.147	643
7.173	582	7.197	643
7.223	585	7.249	646
7.274	590	7.299	642
7.324	586	7.350	632
7.376	585	7.400	619
7.426	584	7.451	601
7.477	577	7.501	584
7.527	582	7.553	563
7.578	583	7.603	542
7.628	581	7.654	527
7.680	582	7.704	501
7.730	582	7.755	480
7.781	583	7.806	467
7.831	584	7.857	459
7.882	576	7.907	456
7.933	583	7.958	455
7.984	582	8.008	461
8.034	577	8.060	471
8.085	577	8.110	484
8.135	581	8.161	505
8.187	581	8.211	519
8.237	585	8.262	540
8.288	581	8.312	559
8.338	582	8.364	587
8.389	576	8.414	602
8.439	582	8.465	616
8.491	583	8.515	635
8.541	583	8.566	638
8.592	583	8.617	646
8.642	581	8.668	644
8.693	583	8.718	637
8.744	582	8.769	630
8.795	582	8.819	617
8.845	583	8.871	597
8.896	582	8.921	581
8.946	580	8.972	561
8.998	587	9.022	540
9.048	584	9.073	516
9.099	580	9.123	504
9.149	582	9.175	485
9.200	581	9.226	475
9.250	583	9.276	468
9.302	583	9.327	455
9.352	583	9.377	460
9.403	583	9.429	466
9.453	582	9.479	474
9.504	582	9.530	488
9.555	584	9.580	504
9.606	585	9.631	521
9.656	579	9.682	542
9.707	580	9.733	562
9.757	584	9.783	581
9.809	583	9.834	599
9.859	585	9.884	614
9.910	583	9.936	626
9.960	583	9.986	630
10.011	585	10.037	634
10.061	583	10.087	634
10.113	582	10.138	628
10.163	585	10.188	626
10.214	582	10.240	614
10.264	580	10.290	598
10.315	588	10.341	580
10.366	578	10.391	559
10.417	581	10.442	542
10.467	578	10.493	520
10.518	584	10.544	505
10.568	583	10.594	485
10.620	582	10.645	478
10.670	577	10.695	467
10.721	581	10.747	461
10.771	581	10.797	466
10.822	582	10.848	466
10.872	582	10.898	477
10.924	587	10.949	491
10.974	582	10.999	505
11.025	583	11.051	522
11.075	579	11.101	542
11.126	584	11.152	561
11.177	585	11.202	581
11.228	580	11.253	598
11.278	582	11.304	614
11.329	582	11.355	621
11.379	582	11.405	632
11.431	584	11.456	636
11.481	582	11.506	640
11.532	583	11.558	632
11.582	582	11.608	623
11.633	583	11.659	604
11.683	585	11.709	594
11.735	583	11.760	578
11.785	580	11.810	560
11.836	580	11.862	540
11.886	590	11.912	522
11.937	576	11.963	501
11.988	576	12.013	492
12.039	583	12.064	479
12.089	583	12.115	472
12.140	581	12.166	466
12.190	582	12.216	469
12.242	581	12.267	475
12.292	583	12.317	480
12.343	582	12.369	496
12.393	583	12.419	506
12.444	583	12.470	524
12.495	576	12.520	544
12.546	586	12.571	561
12.596	578	12.621	579
12.647	584	12.673	596
12.697	589	12.723	612
12.748	577	12.774	623
12.799	583	12.824	628
12.850	584	12.875	631
12.900	582	12.926	632
12.951	580	12.977	631
13.001	584	13.027	614
13.053	583	13.078	601
13.103	582	13.128	590
13.154	582	13.180	576
13.204	582	13.230	548
13.255	585	13.281	542
13.306	582	13.331	524
13.357	582	13.382	508
13.407	581	13.432	494
13.458	583	13.484	483
13.508	584	13.534	475
13.559	580	13.585	472
13.610	579	13.635	471
13.661	581	13.686	480
13.712	582	13.737	486
13.762	581	13.788	497
13.813	581	13.838	519
13.864	582	13.889	531
13.915	586	13.939	546
13.965	583	13.991	562
14.016	583	14.041	582
14.066	580	14.092	594
14.118	579	14.142	605
14.168	583	14.193	618
14.219	581	14.243	625
14.269	581	14.295	630
14.320	590	14.345	628
14.370	582	14.396	625
14.422	582	14.446	616
14.472	580	14.497	603
14.523	583	14.548	583
14.573	582	14.599	574
14.624	582	14.649	557
14.675	581	14.700	544
14.726	583	14.750	515
14.776	582	14.802	511
14.827	583	14.852	495
14.877	583	14.903	486
14.929	585	14.953	479
14.979	586	15.004	476
15.030	577	15.055	477
15.080	581	15.106	481
15.131	582	15.156	487
15.181	581	15.207	505
15.233	582	15.257	510
15.283	583	15.308	527
15.334	583	15.359	543
15.384	583	15.410	571
15.435	578	15.460	577
15.486	583	15.511	594
15.537	586	15.561	607
15.587	581	15.613	616
15.638	581	15.663	626
15.688	584	15.714	626
15.740	581	15.764	625
15.790	581	15.815	624
15.841	580	15.866	613
15.891	582	15.917	600
15.942	584	15.967	591
15.992	583	16.018	570
16.044	583	16.068	564
16.094	583	16.119	542
16.145	583	16.170	527
16.195	581	16.221	507
16.246	582	16.271	499
16.297	583	16.322	488
16.348	585	16.372	481
16.398	583	16.424	478
16.449	581	16.474	475
16.499	581	16.525	485
16.551	580	16.575	489
16.601	587	16.626	501
16.652	577	16.677	516
16.702	581	16.728	532
16.753	583	16.779	551
16.803	580	16.829	559
16.855	583	16.880	576
16.905	583	16.930	593
16.956	580	16.982	608
17.006	583	17.032	614
17.057	583	17.083	618
17.108	584	17.133	624
17.159	576	17.184	622
17.209	579	17.235	618
17.260	577	17.286	611
17.310	584	17.336	598
17.362	585	17.387	587
17.412	578	17.437	574
17.463	582	17.489	557
17.513	582	17.539	541
17.564	582	17.590	527
17.615	582	17.640	515
17.666	582	17.691	502
17.716	584	17.741	487
17.767	581	17.793	483
17.817	584	17.843	481
17.868	581	17.894	479
17.919	586	17.944	487
17.970	587	17.995	498
18.020	585	18.046	503
18.071	584	18.097	514
18.121	588	18.147	531
18.173	583	18.198	547
18.223	580	18.248	561
18.274	579	18.300	575
18.324	582	18.350	594
18.375	582	18.401	600
18.426	582	18.451	608
18.477	583	18.502	619
18.527	583	18.552	620
18.578	583	18.604	619
18.628	582	18.654	614
18.679	586	18.705	608
18.730	585	18.755	598
18.781	584	18.806	586
18.831	584	18.857	572
18.882	584	18.908	556
18.932	576	18.958	542
18.984	578	19.009	527
19.034	576	19.059	513
19.085	583	19.111	499
19.135	581	19.161	492
19.186	582	19.212	496
19.237	583	19.262	486
19.288	583	19.313	477
19.338	582	19.363	489
19.389	583	19.415	500
19.439	583	19.465	506
19.490	580	19.516	522
19.541	580	19.566	532
19.592	577	19.617	545
19.642	581	19.668	562
19.693	587	19.719	570
19.743	585	19.769	589
19.795	584	19.820	600
19.845	583	19.870	607
19.896	583	19.922	615
19.946	578	19.972	620
19.997	583	20.023	619
20.048	580	20.073	611
20.099	584	20.124	605
20.149	583	20.175	599
20.200	584	20.226	584
20.250	585	20.276	570
20.301	580	20.327	554
20.352	579	20.377	538
20.403	578	20.428	527
20.454	584	20.479	514
20.504	581	20.530	504
20.555	581	20.580	495
20.606	582	20.631	492
20.657	583	20.681	484
20.707	584	20.733	484
20.758	582	20.783	500
20.808	583	20.834	496
20.860	578	20.884	511
20.910	581	20.935	515
20.961	588	20.986	533
21.011	581	21.037	546
21.062	587	21.087	562
21.112	583	21.138	578
21.164	583	21.188	588
21.214	584	21.239	599
21.265	586	21.290	606
21.315	581	21.341	611
21.366	582	21.391	613
21.417	582	21.442	618
21.468	579	21.492	614
21.518	584	21.544	599
21.569	582	21.594	593
21.619	584	21.645	579
21.671	581	21.695	566
21.721	584	21.746	555
21.772	580	21.797	537
21.822	588	21.848	528
21.873	582	21.898	513
21.923	573	21.949	505
21.975	580	21.999	497
22.025	579	22.050	491
22.076	582	22.101	488
22.126	584	22.152	487
22.177	584	22.202	492
22.228	586	22.253	499
22.279	583	22.303	513
22.329	581	22.355	519
22.380	582	22.405	536
22.430	581	22.456	543
22.482	580	22.506	560
22.532	588	22.557	579
22.583	579	22.608	587
22.633	583	22.659	595
22.684	582	22.709	603
22.735	581	22.760	606
22.786	590	22.810	611
22.836	585	22.861	611
22.887	583	22.912	609
22.937	582	22.963	600
22.988	582	23.013	589
23.039	583	23.064	582
23.090	582	23.114	560
23.140	583	23.166	562
23.191	584	23.216	542
23.241	581	23.267	526
23.293	583	23.317	518
23.343	582	23.368	506
23.394	586	23.419	498
23.444	584	23.470	494
23.495	577	23.521	490
23.546	577	23.571	493
23.597	579	23.622	496
23.647	581	23.672	502
23.698	581	23.724	511
23.748	582	23.774	522
23.799	584	23.825	540
23.850	582	23.875	554
23.901	582	23.926	560
23.951	582	23.977	569
24.002	583	24.028	586
24.052	582	24.078	597
24.104	582	24.129	603
24.154	582	24.179	606
24.205	583	24.231	610
24.255	585	24.281	610
24.306	583	24.332	604
24.357	584	24.382	598
24.408	582	24.433	589
24.458	586	24.483	580
24.509	583	24.535	569
24.559	579	24.585	553
24.610	583	24.636	537
24.661	581	24.686	532
24.712	582	24.737	514
24.762	586	24.788	503
24.813	583	24.839	500
24.863	578	24.889	496
24.915	581	24.940	495
24.965	580	24.990	495
25.016	585	25.042	499
25.066	581	25.092	504
25.117	578	25.143	513
25.168	585	25.193	531
25.219	582	25.244	537
25.269	582	25.295	542
25.320	583	25.346	564
25.370	582	25.396	567
25.421	584	25.447	584
25.472	583	25.497	598
25.523	574	25.548	595
25.573	584	25.599	604
25.624	582	25.650	607
25.674	587	25.700	605
25.726	582	25.751	605
25.776	587	25.801	600
25.827	581	25.853	586
25.877	583	25.903	577
25.928	585	25.954	562
25.979	582	26.004	559
26.030	583	26.055	541
26.080	582	26.106	526
26.131	584	26.157	525
26.181	582	26.207	511
26.232	581	26.258	506
26.283	581	26.308	497
26.334	589	26.359	502
26.384	582	26.410	498
26.435	579	26.461	501
26.485	583	26.511	506
26.537	585	26.562	515
26.587	583	26.612	524
26.638	582	26.664	537
26.688	581	26.714	548
26.739	587	26.765	562
26.790	583	26.815	569
26.841	583	26.866	581
26.891	584	26.917	591
26.942	582	26.968	597
26.992	583	27.018	602
27.043	581	27.069	600
27.094	583	27.119	602
27.145	580	27.170	603
27.195	582	27.221	593
27.246	589	27.272	587
27.296	575	27.322	575
27.348	588	27.373	565
27.398	584	27.423	553
27.449	583	27.475	540
27.499	569	27.525	530
27.550	583	27.576	520
27.601	582	27.626	517
27.652	584	27.677	505
27.702	581	27.728	497
27.753	582	27.779	500
27.803	583	27.829	496
27.855	582	27.880	501
27.905	582	27.930	511
27.956	581	27.981	517
28.006	579	28.032	527
28.057	584	28.083	536
28.107	586	28.133	550
28.159	590	28.184	563
28.209	584	28.234	571
28.260	581	28.286	582
28.310	585	28.336	594
28.361	583	28.387	597
28.412	587	28.437	601
28.463	583	28.488	599
28.513	582	28.539	604
28.564	582	28.590	602
28.614	584	28.640	586
28.666	582	28.691	576
28.716	584	28.741	573
28.767	583	28.792	564
28.817	580	28.843	552
28.868	588	28.894	540
28.918	574	28.944	530
28.970	585	28.995	520
29.020	588	29.045	513
29.071	583	29.097	507
29.121	583	29.147	503
29.172	582	29.198	500
29.223	584	29.248	500
29.274	581	29.299	499
29.324	583	29.350	512
29.375	582	29.401	516
29.425	581	29.451	529
29.477	581	29.502	537
29.527	578	29.552	550
29.578	581	29.603	562
29.628	580	29.654	572
29.679	582	29.705	580
29.729	581	29.755	588
29.781	586	29.806	594
29.831	580	29.856	600
29.882	583	29.908	601
29.932	583	29.958	598
29.983	582	30.009	595
30.034	582	30.059	590
30.085	581	30.110	581
30.135	582	30.161	572
30.186	582	30.212	564
30.236	583	30.262	549
30.288	582	30.313	539
30.338	583	30.363	530
30.389	583	30.415	522
30.439	580	30.465	514
30.490	587	30.516	506
30.540	583	30.566	504
30.592	584	30.617	497
30.642	581	30.667	504
30.693	582	30.719	503
30.743	583	30.769	511
30.794	580	30.820	519
30.845	582	30.870	524
30.896	581	30.921	547
30.946	583	30.972	551
30.997	580	31.023	558
31.047	581	31.073	573
31.099	580	31.124	580
31.149	584	31.174	587
31.200	587	31.226	587
31.250	577	31.276	597
31.301	575	31.327	598
31.351	580	31.377	596
31.403	587	31.428	593
31.453	583	31.478	589
31.504	583	31.530	580
31.554	583	31.580	568
31.605	583	31.631	562
31.656	582	31.681	546
31.707	582	31.732	542
31.757	583	31.783	538
31.808	582	31.834	521
31.858	582	31.884	515
31.910	583	31.935	509
31.960	580	31.985	506
32.011	583	32.037	504
32.061	585	32.087	506
32.112	585	32.138	510
32.162	578	32.188	516
32.214	583	32.239	523
32.264	582	32.289	533
32.315	583	32.341	537
32.365	583	32.391	554
32.416	582	32.442	564
32.468	582	32.492	567
32.518	582	32.543	581
32.569	583	32.594	585
32.619	583	32.645	591
32.670	583	32.695	595
32.721	583	32.746	596
32.772	581	32.796	594
32.822	583	32.848	590
32.873	575	32.898	586
32.923	582	32.949	577
32.975	581	32.999	572
33.025	583	33.050	563
33.076	582	33.100	550
33.126	580	33.152	538
33.177	582	33.202	537
33.227	583	33.253	524
33.279	583	33.303	511
33.329	577	33.354	512
33.380	582	33.405	506
33.430	581	33.456	507
33.481	584	33.506	507
33.532	581	33.557	511
33.583	583	33.607	516
33.633	581	33.659	524
33.684	576	33.709	531
33.734	582	33.760	541
33.786	582	33.810	551
33.836	583	33.861	561
33.887	582	33.911	570
33.937	582	33.963	578
33.988	583	34.013	586
34.038	582	34.064	593
34.090	582	34.114	598
34.140	583	34.165	595
34.191	580	34.216	592
34.241	585	34.267	589
34.292	585	34.317	588
34.343	581	34.368	577
34.394	581	34.418	568
34.444	580	34.470	559
34.495	588	34.520	550
34.545	584	34.571	541
34.597	583	34.621	533
34.647	583	34.672	524
34.698	584	34.722	519
34.748	582	34.774	512
34.799	582	34.824	504
34.849	584	34.875	502
34.901	585	34.925	507
34.951	582	34.976	513
35.002	582	35.027	519
35.052	582	35.078	527
35.103	580	35.128	534
35.154	582	35.179	542
35.205	578	35.229	553
35.255	578	35.281	559
35.306	579	35.331	569
35.356	582	35.382	582
35.408	582	35.432	587
35.458	584	35.483	581
35.509	583	35.533	588
35.559	581	35.585	593
35.610	583	35.636	590
35.660	583	35.686	591
35.712	583	35.737	584
35.762	582	35.787	572
35.813	578	35.839	567
35.863	582	35.889	559
35.914	580	35.940	550
35.965	585	35.990	540
36.016	582	36.041	527
36.066	584	36.092	526
36.117	581	36.143	514
36.167	581	36.193	518
36.219	578	36.244	511
36.269	583	36.294	504
36.320	582	36.346	510
36.370	584	36.396	512
36.421	582	36.447	515
36.471	582	36.497	527
36.523	583	36.548	535
36.573	583	36.598	543
36.624	579	36.650	551
36.674	581	36.700	561
36.725	583	36.751	569
36.776	585	36.801	575
36.827	576	36.852	582
36.877	586	36.903	585
36.928	583	36.954	588
36.978	582	37.004	588
37.030	583	37.055	588
37.080	582	37.105	585
37.131	583	37.157	577
37.181	583	37.207	573
37.232	581	37.258	572
37.282	578	37.308	562
37.334	583	37.359	549
37.384	581	37.409	541
37.435	581	37.461	534
37.485	583	37.511	529
37.536	576	37.562	520
37.587	580	37.612	511
37.638	580	37.663	513
37.688	585	37.714	506
37.739	581	37.765	512
37.789	587	37.815	517
37.841	582	37.866	518
37.891	581	37.916	530
37.942	583	37.968	535
37.992	583	38.018	543
38.043	582	38.069	554
38.093	583	38.119	560
38.145	583	38.170	569
38.195	583	38.220	576
38.246	581	38.272	583
38.296	580	38.322	586
38.347	593	38.373	587
38.398	576	38.423	586
38.449	588	38.474	589
38.499	583	38.525	585
38.550	585	38.576	578
38.600	583	38.626	572
38.652	587	38.677	567
38.702	583	38.727	563
38.753	583	38.779	544
38.803	583	38.829	537
38.854	582	38.880	535
38.904	583	38.930	527
38.956	583	38.981	520
39.006	582	39.031	517
39.057	584	39.083	513
39.107	585	39.133	514
39.158	580	39.184	515
39.209	581	39.234	520
39.260	581	39.285	523
39.311	588	39.336	529
39.361	582	39.387	539
39.412	583	39.437	543
39.463	581	39.488	546
39.514	582	39.538	567
39.564	582	39.590	566
39.615	583	39.640	578
39.665	584	39.691	576
39.717	582	39.741	584
39.767	582	39.792	585
39.818	584	39.842	587
39.868	581	39.894	585
39.919	581	39.944	582
39.969	582	39.995	580
40.021	583	40.045	570
40.071	585	40.096	560
40.122	582	40.147	557
40.172	580	40.198	548
40.223	583	40.248	538
40.274	584	40.299	533
40.325	581	40.349	534
40.375	584	40.401	517
40.426	582	40.451	521
40.476	582	40.502	516
40.528	588	40.552	514
40.578	583	40.603	517
40.629	583	40.653	521
40.679	583	40.705	525
40.730	578	40.755	535
40.780	577	40.806	538
40.832	576	40.856	546
40.882	583	40.907	553
40.933	581	40.958	557
40.983	583	41.009	570
41.034	584	41.059	573
41.085	582	41.110	580
41.136	583	41.160	579
41.186	579	41.212	576
41.237	582	41.262	584
41.287	583	41.313	586
41.339	582	41.363	581
41.389	580	41.414	574
41.440	578	41.464	570
41.490	583	41.516	561
41.541	587	41.566	552
41.591	577	41.617	555
41.643	578	41.667	542
41.693	583	41.718	533
41.744	581	41.769	530
41.794	582	41.820	527
41.845	582	41.870	526
41.896	582	41.921	521
41.947	587	41.971	517
41.997	583	42.023	523
42.048	588	42.073	525
42.098	582	42.124	525
42.150	581	42.174	530
42.200	580	42.225	540
42.251	586	42.275	547
42.301	585	42.327	551
42.352	575	42.378	561
42.402	583	42.428	565
42.454	576	42.479	573
42.504	583	42.529	578
42.555	584	42.581	581
42.605	583	42.631	582
42.656	590	42.682	579
42.707	582	42.732	582
42.758	582	42.783	572
42.808	582	42.834	579
42.859	587	42.885	567
42.909	584	42.935	563
42.961	579	42.986	554
43.011	584	43.036	550
43.062	583	43.088	541
43.112	580	43.138	534
43.163	583	43.189	529
43.213	578	43.239	523
43.265	584	43.290	521
43.315	588	43.340	523
43.366	585	43.392	518
43.416	584	43.442	515
43.467	582	43.493	527
43.518	583	43.543	523
43.569	576	43.594	533
43.619	583	43.645	537
43.670	576	43.696	551
43.720	584	43.746	553
43.772	581	43.797	560
43.822	586	43.847	566
43.873	589	43.899	571
43.923	585	43.949	577
43.974	579	44.000	582
44.024	578	44.050	582
44.076	578	44.101	581
44.126	584	44.151	579
44.177	580	44.203	582
44.227	582	44.253	573
44.278	579	44.304	565
44.329	583	44.354	565
44.380	583	44.405	551
44.430	585	44.456	549
44.481	584	44.507	542
44.531	582	44.557	536
44.583	582	44.608	528
44.633	580	44.658	528
44.684	581	44.710	521
44.734	586	44.760	520
44.785	589	44.811	520
44.835	586	44.861	520
44.887	582	44.912	523
44.937	582	44.962	529
44.988	584	45.014	533
45.038	583	45.064	536
45.089	583	45.115	551
45.140	583	45.165	553
45.191	582	45.216	564
45.241	583	45.267	567
45.292	579	45.318	572
45.342	582	45.368	576
45.394	585	45.419	579
45.444	582	45.469	580
45.495	587	45.521	581
45.545	577	45.571	578
45.596	576	45.622	575
45.647	583	45.672	571
45.698	584	45.723	566
45.748	582	45.773	561
45.799	584	45.825	558
45.849	582	45.875	551
45.900	581	45.926	539
45.951	582	45.976	536
46.002	582	46.027	538
46.052	580	46.078	525
46.103	584	46.129	524
46.153	581	46.179	525
46.205	586	46.230	522
46.255	585	46.280	522
46.306	586	46.332	526
46.356	586	46.382	530
46.407	583	46.433	532
46.458	583	46.483	542
46.509	585	46.534	544
46.559	581	46.584	555
46.610	582	46.636	563
46.660	583	46.686	565
46.711	583	46.737	572
46.762	583	46.787	577
46.813	582	46.838	579
46.864	582	46.889	579
46.914	582	46.940	577
46.965	584	46.990	577
47.016	584	47.041	574
47.067	583	47.091	568
47.117	585	47.143	565
47.168	581	47.193	560
47.218	580	47.244	551
47.270	584	47.294	546
47.320	583	47.345	543
47.371	583	47.395	539
47.421	579	47.447	531
47.472	584	47.497	525
47.522	583	47.548	524
47.574	582	47.598	525
47.624	582	47.649	525
47.675	583	47.700	526
47.725	580	47.751	528
47.776	577	47.801	532
47.827	580	47.852	537
47.878	590	47.902	540
47.928	585	47.954	547
47.979	586	48.004	557
48.029	580	48.055	559
48.081	581	48.105	560
48.131	584	48.156	571
48.182	580	48.207	571
48.232	582	48.258	576
48.283	583	48.308	575
48.333	582	48.359	573
48.385	584	48.409	579
48.435	582	48.460	579
48.486	586	48.511	568
48.536	584	48.562	565
48.587	590	48.612	559
48.638	584	48.663	553
48.689	587	48.713	548
48.739	577	48.765	542
48.790	577	48.815	535
48.840	583	48.866	530
48.892	582	48.916	530
48.942	580	48.967	526
48.993	582	49.018	523
49.043	583	49.069	523
49.094	584	49.119	524
49.144	586	49.170	530
49.196	582	49.220	531
49.246	583	49.271	540
49.297	582	49.322	542
49.347	582	49.373	548
49.398	587	49.423	554
49.449	587	49.474	559
49.500	582	49.524	564
49.550	588	49.576	561
49.601	579	49.626	572
49.651	583	49.677	575
49.703	582	49.727	580
49.753	583	49.778	575
49.804	583	49.829	571
49.854	587	49.880	567
49.905	582	49.931	568
49.955	583	49.981	561
50.007	583	50.032	559
50.057	583	50.082	554
50.108	582	50.134	547
50.158	584	50.184	541
50.209	580	50.235	539
50.260	582	50.285	532
50.311	589	50.336	525
50.361	583	50.387	526
50.412	582	50.438	521
50.462	582	50.488	528
50.514	583	50.539	528
50.564	581	50.589	531
50.615	583	50.641	535
50.665	583	50.691	542
50.716	582	50.742	541
50.767	584	50.792	550
50.818	583	50.843	554
50.868	584	50.893	558
50.919	580	50.945	565
50.969	590	50.995	568
51.020	581	51.046	577
51.071	583	51.096	573
51.122	582	51.147	574
51.172	582	51.198	574
51.223	581	51.249	575
51.273	584	51.299	570
51.325	585	51.350	569
51.375	582	51.400	564
51.426	582	51.452	563
51.476	583	51.502	558
51.527	583	51.553	545
51.578	582	51.603	543
51.629	583	51.654	537
51.679	585	51.704	533
51.730	583	51.756	529
51.780	583	51.806	529
51.831	585	51.857	527
51.882	582	51.907	526
51.933	585	51.958	530
51.983	580	52.009	530
52.034	583	52.060	534
52.084	584	52.110	540
52.136	583	52.161	547
52.186	582	52.211	546
52.237	584	52.263	557
52.287	582	52.313	563
52.338	583	52.364	565
52.389	582	52.414	566
52.440	584	52.465	569
52.490	574	52.515	573
52.541	577	52.567	572
52.591	591	52.617	572
52.642	583	52.668	571
52.693	583	52.718	569
52.744	578	52.769	565
52.794	583	52.820	567
52.845	584	52.871	558
52.895	582	52.921	554
52.947	582	52.972	546
52.997	583	53.022	544
53.048	582	53.074	537
53.098	583	53.124	533
53.149	582	53.175	531
53.200	584	53.225	529
53.251	583	53.276	533
53.301	580	53.327	532
53.352	589	53.378	530
53.402	575	53.428	532
53.453	581	53.479	537
53.504	581	53.529	540
53.555	587	53.580	545
53.606	584	53.631	548
53.656	582	53.682	550
53.707	583	53.732	557
53.758	583	53.783	563
53.809	583	53.833	566
53.859	583	53.885	569
53.910	583	53.935	571
53.960	583	53.986	574
54.012	586	54.036	570
54.062	583	54.087	569
54.113	584	54.138	568
54.163	586	54.189	562
54.214	586	54.239	560
54.264	581	54.290	556
54.316	580	54.340	552
54.366	586	54.391	545
54.417	583	54.442	547
54.467	581	54.493	541
54.518	580	54.543	540
54.569	584	54.594	535
54.620	582	54.644	532
54.670	583	54.696	533
54.721	576	54.746	532
54.771	582	54.797	532
54.823	583	54.847	534
54.873	586	54.898	537
54.924	587	54.949	541
54.974	581	55.000	546
55.025	578	55.050	552
55.075	582	55.101	555
55.127	585	55.151	558
55.177	582	55.202	564
55.228	582	55.253	567
55.278	583	55.304	567
55.329	583	55.354	564
55.380	587	55.405	568
55.431	586	55.455	570
55.481	583	55.507	567
55.532	583	55.557	566
55.582	583	55.608	564
55.634	583	55.658	561
55.684	585	55.709	557
55.735	581	55.760	551
55.785	579	55.811	547
55.836	581	55.861	542
55.887	583	55.912	540
55.938	583	55.962	535
55.988	583	56.013	537
56.039	583	56.064	535
56.089	582	56.115	537
56.140	583	56.165	528
56.191	582	56.216	540
56.242	582	56.266	528
56.292	583	56.318	541
56.343	581	56.368	544
56.393	584	56.419	542
56.445	582	56.469	551
56.495	581	56.520	553
56.546	583	56.571	560
56.596	583	56.622	564
56.647	582	56.673	564
56.698	583	56.723	564
56.749	583	56.774	574
56.799	583	56.824	570
56.850	582	56.876	570
56.900	582	56.926	575
56.951	583	56.977	564
57.002	586	57.027	561
57.053	584	57.078	555
57.103	582	57.129	554
57.154	580	57.180	551
57.204	581	57.230	544
57.256	581	57.281	543
57.306	580	57.331	540
57.357	579	57.383	536
57.407	585	57.433	534
57.458	580	57.484	533
57.509	584	57.534	533
57.560	584	57.585	529
57.610	583	57.635	531
57.661	585	57.687	539
57.711	583	57.737	534
57.762	583	57.788	538
57.813	583	57.838	546
57.864	582	57.889	551
57.914	583	57.940	560
57.965	584	57.991	558
58.015	582	58.041	562
58.067	587	58.092	564
58.117	581	58.142	566
58.168	584	58.194	568
58.218	580	58.244	570
58.269	581	58.295	564
58.320	585	58.345	564
58.371	580	58.396	557
58.421	583	58.447	562
58.472	583	58.498	562
58.522	583	58.548	550
58.573	583	58.599	545
58.624	582	58.649	545
58.675	581	58.700	539
58.725	584	58.751	540
58.776	585	58.802	538
58.826	582	58.852	536
58.878	586	58.903	536
58.928	578	58.953	534
58.979	577	59.005	532
59.029	583	59.055	538
59.080	585	59.106	542
59.131	583	59.156	540
59.182	582	59.207	546
59.232	582	59.258	548
59.283	583	59.309	542
59.333	587	59.359	561
59.384	582	59.410	559
59.435	584	59.460	560
59.486	581	59.511	564
59.536	583	59.562	565
59.587	593	59.613	566
59.637	579	59.663	566
59.689	586	59.714	564
59.739	581	59.764	565
59.790	583	59.816	562
59.840	582	59.866	558
59.891	584	59.917	560
59.942	584	59.967	548
59.993	582	60.018	551
60.043	583	60.069	545
60.094	585	60.120	541
60.144	582	60.170	539
60.195	580	60.221	538
60.246	582	60.271	534
60.297	583	60.322	536
60.347	583	60.373	536
60.398	588	60.424	536
60.448	578	60.474	533
60.500	581	60.525	539
60.550	582	60.575	537
60.601	585	60.627	544
60.651	585	60.677	549
60.702	584	60.728	550
60.753	586	60.778	550
60.804	583	60.829	556
60.854	581	60.880	558
60.905	583	60.931	563
60.955	582	60.981	564
61.007	582	61.032	568
61.057	583	61.082	567
61.108	591	61.133	565
61.158	585	61.184	563
61.209	579	61.235	561
61.259	583	61.285	557
61.311	575	61.336	551
61.361	581	61.386	553
61.412	582	61.438	544
61.462	583	61.488	544
61.513	582	61.539	545
61.564	583	61.589	539
61.615	585	61.640	545
61.665	583	61.691	539
61.716	582	61.742	535
61.766	584	61.792	537
61.818	585	61.843	538
61.868	577	61.893	533
61.919	584	61.944	540
61.969	584	61.995	547
62.020	585	62.046	546
62.070	577	62.096	548
62.122	582	62.147	557
62.172	581	62.197	557
62.223	583	62.249	561
62.273	582	62.299	560
62.324	583	62.350	560
62.375	583	62.400	561
62.426	583	62.451	563
62.476	585	62.502	562
62.527	581	62.553	564
62.577	579	62.603	562
62.629	578	62.654	562
62.679	581	62.704	558
62.730	585	62.755	555
62.780	584	62.806	552
62.831	589	62.857	549
62.881	583	62.907	546
62.933	582	62.958	541
62.983	585	63.008	543
63.034	582	63.060	543
63.084	579	63.110	528
63.135	584	63.161	542
63.186	583	63.211	541
63.237	584	63.262	540
63.287	582	63.313	540
63.338	581	63.364	542
63.388	585	63.414	547
63.440	580	63.465	548
63.490	587	63.515	550
63.541	583	63.567	552
63.591	580	63.617	556
63.642	576	63.668	557
63.692	582	63.718	559
63.744	583	63.769	562
63.794	582	63.819	564
63.845	583	63.871	568
63.895	584	63.921	568
63.946	583	63.972	556
63.997	579	64.022	558
64.048	586	64.073	556
64.098	580	64.124	556
64.149	586	64.175	561
64.199	582	64.225	550
64.251	584	64.276	550
64.301	586	64.326	545
64.352	578	64.378	543
64.402	576	64.428	542
64.453	581	64.479	541
64.503	590	64.529	542
64.555	584	64.580	538
64.605	584	64.630	543
64.656	582	64.682	539
64.706	582	64.732	539
64.757	582	64.783	548
64.808	582	64.833	546
64.859	582	64.884	551
64.909	583	64.935	550
64.960	584	64.986	552
65.010	579	65.036	553
65.062	584	65.087	556
65.112	592	65.137	559
65.163	589	65.189	558
65.213	582	65.239	565
65.264	583	65.290	563
65.314	589	65.340	560
65.366	582	65.391	564
65.416	584	65.441	559
65.467	583	65.493	557
65.517	583	65.543	555
65.568	584	65.594	562
65.619	579	65.644	549
65.670	583	65.695	549
65.720	584	65.746	546
65.771	582	65.797	539
65.821	579	65.847	542
65.873	586	65.898	541
65.923	582	65.948	542
65.974	586	66.000	539
66.024	586	66.050	541
66.075	588	66.101	540
66.125	585	66.151	543
66.177	583	66.202	540
66.228	583	66.252	552
66.278	584	66.304	550
66.329	582	66.354	552
66.379	584	66.405	551
66.431	582	66.455	554
66.481	583	66.506	557
66.532	583	66.557	556
66.582	581	66.608	560
66.633	584	66.658	564
66.684	578	66.709	559
66.735	586	66.759	560
66.785	583	66.811	559
66.836	587	66.861	559
66.886	583	66.912	558
66.938	580	66.962	550
66.988	582	67.013	551
67.039	582	67.063	548
67.089	582	67.115	552
67.140	587	67.165	547
67.190	583	67.216	537
67.242	579	67.266	544
67.292	583	67.317	542
67.343	582	67.368	541
67.393	584	67.419	541
67.444	584	67.469	541
67.495	579	67.520	542
67.546	587	67.570	538
67.596	583	67.622	545
67.647	584	67.672	549
67.697	582	67.723	550
67.749	583	67.773	556
67.799	584	67.824	554
67.850	582	67.874	558
67.900	583	67.926	556
67.951	584	67.976	558
68.001	583	68.027	561
68.053	581	68.077	559
68.103	583	68.128	562
68.154	580	68.179	558
68.204	591	68.230	561
68.255	590	68.280	557
68.306	591	68.331	556
68.357	581	68.381	555
68.407	583	68.433	554
68.458	583	68.483	549
68.508	584	68.534	553
68.560	584	68.584	546
68.610	584	68.635	538
68.661	583	68.685	542
68.711	582	68.737	538
68.762	582	68.787	543
68.812	582	68.838	538
68.864	584	68.888	542
68.914	580	68.939	546
68.965	582	68.990	543
69.015	582	69.041	550
69.066	586	69.091	547
69.117	579	69.142	548
69.168	583	69.193	552
69.218	584	69.244	553
69.269	583	69.295	556
69.319	583	69.345	555
69.371	583	69.396	560
69.421	583	69.446	562
69.472	583	69.498	565
69.522	586	69.548	558
69.573	577	69.599	567
69.623	582	69.649	557
69.675	579	69.700	558
69.725	585	69.750	553
69.776	583	69.802	553
69.826	575	69.852	553
69.877	585	69.903	549
69.928	586	69.953	548
69.979	580	70.004	547
70.029	582	70.055	545
70.080	578	70.106	542
70.130	582	70.156	543
70.182	583	70.207	540
70.232	582	70.257	544
70.283	583	70.309	549
70.333	582	70.359	546
70.384	583	70.410	546
70.434	584	70.460	546
70.486	578	70.511	548
70.536	582	70.561	547
70.587	582	70.613	551
70.637	587	70.663	552
70.688	589	70.714	556
70.739	582	70.764	557
70.790	583	70.815	555
70.840	584	70.866	556
70.891	580	70.917	550
70.941	582	70.967	554
70.993	582	71.018	554
71.043	584	71.068	548
71.094	582	71.120	551
71.144	582	71.170	553
71.195	583	71.221	553
71.245	583	71.271	550
71.297	582	71.322	549
71.347	586	71.372	546
71.398	583	71.424	546
71.448	579	71.474	545
71.499	583	71.525	544
71.550	585	71.575	543
71.601	580	71.626	541
71.651	579	71.677	548
71.702	582	71.728	541
71.752	584	71.778	548
71.804	583	71.829	543
71.854	588	71.879	542
71.905	581	71.931	551
71.955	582	71.981	551
72.006	583	72.032	552
72.056	580	72.082	560
72.108	577	72.133	554
72.158	583	72.183	556
72.209	587	72.235	556
72.259	585	72.285	556
72.310	581	72.336	556
72.361	585	72.386	555
72.412	583	72.437	559
72.463	584	72.488	557
72.513	582	72.539	551
72.564	584	72.589	550
72.615	583	72.640	550
72.666	582	72.690	551
72.716	581	72.742	546
72.767	583	72.792	547
72.817	584	72.843	547
72.869	583	72.893	546
72.919	586	72.944	545
72.970	578	72.994	544
73.020	581	73.046	545
73.071	577	73.096	544
73.121	589	73.147	545
73.173	583	73.197	547
73.223	587	73.248	550
73.274	582	73.299	549
73.324	583	73.350	550
73.375	581	73.400	551
73.426	582	73.451	551
73.477	584	73.501	559
73.527	578	73.553	553
73.578	580	73.603	559
73.628	582	73.654	556
73.680	583	73.704	555
73.730	577	73.755	558
73.781	574	73.805	553
73.831	584	73.857	554
73.882	577	73.907	550
73.932	588	73.958	554
73.984	580	74.008	547
74.034	584	74.059	553
74.085	583	74.110	548
74.135	583	74.161	545
74.186	583	74.211	544
74.237	582	74.262	552
74.288	585	74.312	542
74.338	582	74.364	546
74.389	582	74.414	550
74.439	582	74.465	545
74.491	583	74.515	545
74.541	582	74.566	546
74.592	577	74.616	547
74.642	574	74.668	549
74.693	583	74.718	549
74.743	584	74.769	555
74.795	583	74.819	549
74.845	582	74.870	548
74.896	583	74.921	551
74.946	579	74.972	552
74.997	583	75.022	556
75.048	583	75.073	556
75.099	584	75.123	555
75.149	583	75.175	556
75.200	583	75.225	555
75.250	581	75.276	553
75.302	588	75.326	552
75.352	584	75.377	553
75.403	582	75.427	550
75.453	579	75.479	549
75.504	581	75.530	550
75.554	582	75.580	546
75.606	582	75.631	552
75.656	584	75.681	543
75.707	578	75.733	541
75.757	582	75.783	541
75.808	583	75.834	543
75.859	584	75.884	543
75.910	580	75.935	544
75.960	585	75.986	550
76.011	582	76.037	549
76.061	583	76.087	551
76.113	584	76.138	550
76.163	584	76.188	549
76.214	587	76.240	550
76.264	586	76.290	551
76.315	579	76.341	552
76.365	586	76.391	550
76.417	583	76.442	554
76.467	585	76.492	558
76.518	583	76.544	555
76.568	582	76.594	549
76.619	583	76.645	551
76.670	583	76.695	552
76.721	584	76.746	551
76.771	585	76.797	551
76.822	583	76.848	552
76.872	582	76.898	549
76.924	586	76.949	550
76.974	577	76.999	549
77.025	580	77.051	547
77.075	585	77.101	549
77.126	583	77.152	546
77.176	582	77.202	547
77.228	582	77.253	547
77.278	583	77.303	551
77.329	584	77.355	550
77.379	584	77.405	552
77.430	582	77.456	551
77.481	583	77.506	547
77.532	584	77.557	549
77.582	588	77.608	551
77.633	581	77.659	552
77.683	582	77.709	552
77.735	584	77.760	552
77.785	577	77.810	553
77.836	584	77.862	555
77.886	585	77.912	548
77.937	582	77.963	553
77.987	583	78.013	553
78.039	583	78.064	551
78.089	583	78.114	552
78.140	582	78.166	558
78.190	583	78.216	551
78.241	583	78.267	551
78.292	583	78.317	552
78.343	583	78.368	550
78.393	581	78.419	549
78.444	582	78.470	548
78.494	592	78.520	547
78.546	582	78.571	548
78.596	580	78.621	551
78.647	585	78.673	548
78.697	586	78.723	539
78.748	583	78.774	549
78.799	584	78.824	548
78.850	583	78.875	552
78.900	583	78.925	554
78.951	577	78.977	544
79.001	580	79.027	555
79.052	583	79.078	551
79.103	583	79.128	553
79.154	576	79.179	550
79.204	580	79.230	547
79.255	582	79.281	554
79.305	583	79.331	557
79.357	582	79.382	553
79.407	584	79.432	552
79.458	579	79.484	553
79.508	583	79.534	553
79.559	583	79.585	547
79.610	591	79.635	552
79.661	583	79.686	549
79.711	583	79.736	549
79.762	582	79.788	550
79.812	584	79.838	547
79.863	584	79.889	548
79.914	582	79.939	548
79.965	586	79.990	550
80.016	583	80.041	547
80.066	583	80.092	548
80.117	582	80.142	549
80.168	586	80.193	547
80.219	584	80.243	549
80.269	583	80.295	551
80.320	584	80.345	551
80.370	583	80.396	550
80.422	584	80.446	549
80.472	574	80.497	553
80.523	582	80.547	552
80.573	583	80.599	549
80.624	584	80.649	553
80.674	583	80.700	553
80.726	585	80.750	552
80.776	579	80.801	551
80.827	582	80.852	548
80.877	581	80.903	550
80.928	585	80.953	552
80.979	590	81.004	550
81.030	585	81.054	550
81.080	583	81.106	549
81.131	584	81.156	555
81.181	582	81.207	549
81.233	583	81.257	546
