#Creator: pendulumviewEventBuffer
#Creation time: Sat Apr 16 16:43:29 2011
#Time A	Pos A	Time B	Pos B
#[s]	[au]	[s]	[au]
0.025	523	0.051	341
0.076	538	0.101	341
0.126	540	0.152	344
0.178	539	0.202	339
0.228	542	0.253	326
0.279	538	0.304	332
0.329	541	0.355	347
0.380	540	0.405	321
0.431	540	0.456	316
0.482	540	0.506	345
0.532	542	0.558	309
0.583	535	0.608	345
0.633	546	0.659	341
0.685	541	0.709	363
0.735	543	0.760	343
0.786	549	0.811	354
0.836	543	0.862	338
0.887	542	0.912	334
0.938	541	0.963	344
0.989	541	1.013	352
1.039	540	1.064	368
1.090	540	1.115	393
1.140	542	1.166	424
1.191	540	1.216	451
1.242	543	1.267	486
1.293	540	1.317	526
1.343	542	1.369	569
1.394	541	1.419	591
1.444	542	1.470	617
1.496	535	1.520	634
1.546	542	1.571	646
1.597	541	1.622	646
1.647	544	1.673	638
1.698	546	1.724	630
1.749	534	1.774	611
1.800	541	1.825	589
1.850	541	1.875	560
1.901	541	1.927	525
1.951	546	1.977	494
2.002	543	2.028	459
2.053	542	2.078	434
2.104	546	2.129	406
2.154	540	2.180	383
2.205	540	2.231	368
2.255	542	2.281	358
2.307	547	2.332	355
2.357	550	2.382	362
2.408	543	2.434	375
2.458	542	2.484	393
2.509	542	2.535	411
2.560	541	2.585	433
2.611	536	2.636	464
2.661	541	2.686	495
2.712	539	2.738	517
2.762	543	2.788	552
2.813	538	2.839	581
2.864	542	2.889	603
2.915	543	2.940	617
2.965	542	2.991	625
3.016	545	3.042	629
3.066	538	3.092	624
3.118	544	3.143	622
3.168	548	3.193	602
3.219	543	3.245	583
3.269	534	3.295	559
3.320	543	3.346	533
3.371	542	3.396	504
3.422	542	3.447	470
3.472	543	3.498	444
3.523	544	3.549	414
3.573	542	3.599	396
3.624	542	3.650	380
3.675	541	3.700	370
3.726	542	3.751	363
3.776	543	3.802	367
3.827	541	3.853	379
3.877	549	3.903	393
3.929	539	3.954	409
3.979	545	4.004	434
4.030	540	4.056	463
4.080	541	4.106	492
4.131	542	4.157	516
4.182	543	4.207	543
4.233	542	4.258	573
4.283	541	4.309	595
4.334	540	4.360	618
4.384	542	4.410	620
4.435	546	4.461	624
4.486	542	4.511	622
4.537	546	4.562	612
4.587	543	4.613	598
4.638	553	4.664	578
4.688	549	4.714	553
4.740	544	4.765	525
4.790	544	4.815	499
4.841	542	4.867	467
4.891	541	4.917	445
4.942	542	4.968	418
4.993	540	5.018	394
5.044	542	5.069	387
5.094	542	5.120	378
5.145	542	5.171	372
5.195	541	5.221	376
5.246	540	5.272	389
5.297	543	5.322	400
5.348	541	5.373	418
5.398	541	5.424	439
5.449	538	5.475	466
5.499	547	5.525	492
5.551	541	5.576	520
5.601	543	5.626	549
5.652	542	5.678	570
5.702	542	5.728	582
5.753	542	5.779	602
5.804	544	5.829	606
5.855	542	5.880	609
5.905	544	5.931	612
5.956	544	5.982	602
6.006	543	6.032	591
6.058	535	6.083	573
6.108	544	6.133	550
6.159	546	6.184	526
6.209	545	6.235	497
6.260	544	6.286	474
6.310	539	6.336	445
6.362	547	6.387	425
6.412	542	6.437	406
6.463	543	6.489	392
6.513	543	6.539	382
6.564	543	6.590	384
6.615	542	6.640	381
6.666	542	6.691	389
6.716	542	6.742	401
6.767	541	6.793	419
6.817	544	6.843	442
6.869	546	6.894	466
6.919	545	6.944	491
6.970	542	6.995	518
7.020	549	7.046	543
7.071	541	7.097	567
7.121	546	7.147	585
7.173	544	7.198	593
7.223	546	7.248	606
7.274	542	7.300	607
7.324	544	7.350	610
7.375	542	7.401	604
7.426	544	7.451	581
7.477	541	7.502	572
7.527	544	7.553	547
7.578	550	7.604	523
7.628	541	7.654	498
7.680	541	7.705	471
7.730	541	7.755	448
7.781	534	7.806	428
7.831	544	7.857	410
7.882	542	7.908	395
7.932	546	7.958	388
7.984	543	8.009	385
8.034	540	8.059	392
8.085	542	8.111	398
8.135	539	8.161	406
8.186	542	8.212	422
8.237	543	8.262	450
8.288	543	8.313	470
8.338	541	8.364	491
8.389	543	8.415	509
8.439	541	8.465	539
8.491	539	8.516	559
8.541	542	8.566	578
8.592	543	8.618	595
8.642	544	8.668	599
8.693	540	8.719	602
8.743	545	8.769	596
8.795	545	8.820	592
8.845	545	8.870	589
8.896	543	8.922	566
8.946	543	8.972	546
8.997	544	9.023	525
9.048	547	9.073	498
9.099	546	9.124	476
9.149	542	9.175	452
9.200	543	9.226	431
9.250	543	9.276	416
9.302	538	9.327	401
9.352	549	9.377	393
9.403	538	9.429	383
9.453	543	9.479	391
9.504	543	9.530	399
9.554	543	9.580	416
9.606	544	9.631	426
9.656	543	9.681	443
9.707	543	9.733	467
9.757	544	9.783	494
9.808	544	9.834	512
9.859	543	9.884	538
9.910	536	9.935	557
9.960	549	9.986	571
10.011	538	10.037	586
10.061	547	10.087	595
10.113	546	10.138	597
10.163	546	10.188	596
10.214	545	10.240	588
10.264	545	10.290	573
10.315	544	10.341	558
10.365	545	10.391	534
10.417	544	10.442	516
10.467	543	10.492	496
10.518	543	10.544	473
10.568	543	10.594	447
10.619	544	10.645	434
10.671	543	10.695	417
10.721	543	10.746	405
10.772	545	10.797	397
10.822	543	10.848	395
10.873	538	10.898	398
10.924	549	10.949	404
10.975	545	10.999	415
11.025	543	11.051	430
11.076	544	11.101	450
11.126	544	11.152	475
11.178	544	11.202	492
11.228	544	11.253	516
11.279	544	11.303	538
11.329	544	11.355	552
11.380	544	11.405	571
11.430	548	11.456	582
11.482	544	11.506	588
11.532	548	11.557	593
11.583	549	11.608	591
11.633	543	11.659	581
11.684	541	11.709	573
11.735	550	11.760	557
11.786	544	11.810	543
11.836	545	11.862	519
11.887	543	11.912	497
11.937	544	11.963	479
11.989	544	12.013	460
12.039	538	12.064	432
12.090	547	12.114	419
12.140	545	12.166	409
12.191	545	12.216	401
12.241	544	12.267	396
12.293	542	12.317	400
12.343	548	12.368	407
12.394	543	12.419	419
12.444	548	12.470	436
12.495	546	12.520	450
12.546	545	12.571	469
12.597	544	12.621	497
12.647	545	12.673	515
12.698	545	12.723	539
12.748	545	12.774	556
12.800	545	12.824	565
12.850	544	12.875	577
12.901	544	12.925	584
12.951	544	12.977	592
13.002	540	13.027	586
13.052	551	13.078	583
13.104	547	13.128	568
13.154	542	13.179	554
13.205	543	13.230	538
13.255	547	13.281	522
13.306	540	13.331	495
13.357	544	13.382	475
13.408	542	13.432	455
13.458	545	13.484	439
13.509	545	13.534	426
13.559	541	13.585	410
13.611	543	13.635	404
13.661	544	13.686	403
13.712	545	13.736	405
13.762	542	13.788	411
13.813	549	13.839	422
13.863	544	13.889	436
13.915	549	13.940	452
13.965	552	13.990	472
14.016	546	14.042	496
14.066	540	14.092	512
14.117	545	14.143	532
14.168	544	14.193	547
14.219	544	14.244	562
14.269	546	14.295	576
14.320	545	14.346	583
14.370	545	14.396	579
14.422	545	14.447	582
14.472	546	14.497	574
14.523	546	14.549	566
14.573	541	14.599	553
14.624	544	14.650	535
14.674	546	14.700	517
14.726	543	14.751	496
14.776	539	14.801	475
14.827	542	14.853	457
14.877	550	14.903	440
14.928	544	14.954	423
14.979	547	15.004	415
15.030	545	15.055	412
15.080	544	15.106	408
15.131	544	15.157	409
15.181	545	15.207	416
15.233	544	15.258	426
15.283	545	15.308	439
15.334	543	15.360	454
15.384	544	15.410	473
15.435	545	15.461	492
15.485	544	15.511	511
15.537	545	15.562	530
15.587	549	15.612	539
15.638	544	15.664	561
15.688	545	15.714	577
15.739	542	15.765	569
15.790	546	15.815	580
15.841	546	15.866	573
15.891	547	15.917	574
15.942	545	15.968	560
15.992	547	16.018	553
16.044	547	16.069	532
16.094	545	16.119	514
16.145	552	16.171	495
16.195	535	16.221	475
16.246	547	16.272	458
16.296	543	16.322	438
16.348	546	16.373	428
16.398	546	16.423	418
16.449	545	16.475	415
16.499	546	16.525	405
16.550	544	16.576	411
16.601	546	16.626	419
16.652	540	16.677	420
16.702	545	16.728	431
16.753	545	16.779	455
16.803	547	16.829	473
16.855	545	16.880	491
16.905	551	16.930	513
16.956	543	16.982	530
17.006	543	17.032	545
17.057	546	17.083	562
17.107	540	17.133	564
17.159	553	17.184	574
17.209	546	17.234	575
17.260	546	17.286	574
17.310	545	17.336	572
17.361	542	17.387	558
17.412	546	17.437	540
17.463	545	17.488	528
17.514	548	17.539	512
17.564	545	17.590	495
17.615	544	17.640	475
17.666	549	17.691	460
17.717	548	17.741	443
17.767	549	17.793	429
17.818	539	17.843	419
17.868	543	17.894	415
17.920	549	17.944	412
17.970	546	17.995	411
18.021	545	18.045	418
18.071	545	18.097	433
18.122	545	18.147	440
18.172	546	18.198	458
18.224	545	18.248	474
18.274	546	18.299	493
18.325	546	18.350	514
18.375	545	18.401	528
18.426	546	18.451	543
18.477	539	18.502	554
18.528	541	18.552	565
18.578	545	18.604	570
18.629	545	18.654	574
18.679	546	18.705	572
18.731	546	18.755	558
18.781	546	18.806	559
18.832	544	18.856	546
18.882	548	18.908	527
18.933	546	18.958	509
18.983	546	19.009	494
19.035	547	19.059	482
19.085	544	19.110	457
19.136	546	19.161	444
19.186	543	19.212	432
19.237	550	19.262	423
19.288	546	19.313	416
19.339	546	19.363	415
19.389	541	19.415	417
19.440	543	19.465	423
19.490	545	19.516	436
19.542	547	19.566	446
19.592	546	19.617	459
19.643	545	19.667	475
19.693	546	19.719	498
19.744	545	19.769	501
19.794	546	19.820	517
19.846	546	19.870	539
19.896	546	19.921	553
19.947	551	19.972	560
19.997	549	20.023	569
20.048	548	20.073	571
20.099	540	20.124	568
20.150	548	20.174	562
20.200	546	20.226	554
20.251	551	20.276	545
20.301	547	20.327	523
20.353	546	20.377	506
20.403	545	20.428	498
20.454	546	20.478	470
20.504	548	20.530	460
20.555	546	20.581	446
20.605	546	20.631	433
20.657	546	20.682	423
20.707	546	20.732	417
20.758	548	20.784	417
20.808	547	20.834	420
20.859	547	20.885	424
20.910	548	20.935	433
20.961	552	20.986	447
21.011	547	21.037	461
21.062	547	21.088	477
21.112	544	21.138	493
21.164	544	21.189	506
21.214	546	21.239	527
21.265	546	21.291	538
21.315	548	21.341	554
21.366	547	21.392	561
21.416	546	21.442	564
21.468	547	21.493	567
21.518	550	21.543	565
21.569	548	21.595	560
21.619	537	21.645	550
21.670	543	21.696	542
21.721	547	21.746	524
21.772	545	21.797	508
21.822	541	21.848	493
21.873	547	21.899	477
21.923	546	21.949	459
21.975	545	22.000	443
22.025	545	22.050	433
22.076	545	22.102	429
22.126	545	22.152	421
22.177	546	22.203	420
22.227	546	22.253	423
22.279	546	22.304	430
22.329	541	22.354	437
22.380	544	22.406	448
22.430	548	22.456	463
22.481	546	22.507	483
22.532	549	22.557	493
22.583	546	22.608	509
22.633	544	22.659	524
22.684	547	22.710	545
22.734	544	22.760	559
22.786	546	22.811	555
22.836	546	22.861	568
22.887	547	22.913	563
22.937	547	22.963	562
22.988	547	23.014	557
23.038	546	23.064	548
23.090	546	23.115	540
23.140	542	23.165	523
23.191	551	23.217	506
23.241	543	23.267	495
23.292	545	23.318	477
23.343	544	23.368	461
23.394	548	23.419	448
23.444	546	23.470	434
23.495	546	23.521	430
23.545	542	23.571	424
23.597	547	23.622	425
23.647	546	23.672	425
23.698	547	23.724	426
23.748	546	23.774	441
23.799	544	23.825	451
23.850	545	23.875	463
23.901	550	23.926	477
23.951	549	23.976	495
24.002	549	24.028	509
24.052	542	24.078	531
24.103	543	24.129	538
24.154	548	24.179	553
24.205	546	24.230	555
24.255	547	24.281	561
24.306	547	24.332	565
24.356	547	24.382	566
24.408	547	24.433	555
24.458	547	24.483	549
24.509	548	24.535	535
24.559	546	24.585	521
24.610	549	24.636	508
24.661	543	24.686	491
24.712	549	24.737	476
24.762	548	24.787	462
24.813	556	24.839	452
24.863	545	24.889	440
24.914	545	24.940	431
24.965	544	24.990	428
25.016	547	25.041	427
25.067	546	25.092	425
25.117	547	25.143	440
25.168	547	25.193	441
25.219	546	25.244	450
25.270	548	25.294	458
25.320	547	25.346	480
25.371	541	25.396	495
25.421	544	25.447	509
25.473	538	25.497	525
25.523	540	25.548	538
25.574	557	25.598	546
25.624	553	25.650	554
25.675	548	25.700	559
25.725	548	25.751	557
25.777	548	25.801	558
25.827	547	25.852	549
25.878	547	25.903	538
25.928	547	25.954	532
25.979	551	26.004	522
26.030	547	26.055	504
26.081	549	26.105	492
26.131	544	26.157	477
26.182	546	26.207	462
26.232	549	26.258	450
26.284	546	26.308	444
26.334	544	26.359	434
26.385	550	26.410	430
26.435	549	26.461	428
26.486	550	26.511	428
26.536	547	26.562	427
26.588	547	26.612	440
26.638	547	26.663	455
26.689	548	26.714	468
26.739	548	26.765	484
26.790	542	26.815	497
26.841	548	26.866	511
26.892	549	26.916	523
26.942	547	26.968	535
26.993	546	27.018	545
27.043	543	27.069	553
27.095	546	27.119	556
27.145	552	27.170	557
27.196	547	27.221	552
27.246	546	27.272	549
27.297	548	27.322	542
27.347	543	27.373	532
27.399	547	27.423	512
27.449	547	27.474	502
27.500	548	27.525	480
27.550	539	27.576	484
27.601	547	27.626	467
27.652	548	27.677	452
27.703	549	27.727	440
27.753	546	27.779	434
27.804	539	27.829	430
27.854	540	27.880	431
27.906	550	27.930	433
27.956	547	27.981	439
28.007	545	28.032	446
28.057	547	28.083	461
28.108	547	28.134	469
28.158	546	28.184	481
28.210	546	28.235	501
28.260	548	28.285	514
28.311	547	28.337	523
28.361	548	28.387	532
28.412	549	28.438	544
28.463	548	28.488	550
28.514	547	28.539	550
28.564	545	28.590	555
28.615	544	28.641	553
28.665	549	28.691	548
28.717	552	28.742	540
28.767	551	28.792	521
28.818	550	28.844	516
28.868	547	28.894	503
28.919	547	28.945	490
28.970	547	28.995	475
29.021	547	29.046	470
29.071	544	29.096	454
29.122	544	29.148	444
29.172	548	29.198	438
29.223	547	29.249	434
29.274	546	29.299	434
29.325	551	29.350	440
29.375	548	29.401	440
29.426	546	29.452	447
29.476	553	29.502	451
29.528	552	29.553	472
29.578	550	29.603	487
29.629	547	29.655	498
29.679	548	29.705	513
29.730	548	29.756	521
29.781	549	29.806	536
29.832	549	29.857	539
29.882	547	29.907	544
29.933	547	29.959	551
29.983	547	30.009	551
30.034	547	30.060	551
30.085	543	30.110	546
30.136	552	30.161	537
30.186	545	30.212	529
30.237	542	30.263	516
30.287	542	30.313	508
30.339	544	30.364	491
30.389	547	30.414	480
30.440	547	30.466	462
30.490	547	30.516	450
30.541	548	30.567	441
30.592	549	30.617	444
30.643	548	30.668	440
30.693	547	30.718	433
30.744	552	30.770	437
30.794	549	30.820	443
30.845	556	30.871	451
30.896	544	30.921	461
30.947	547	30.972	471
30.997	554	31.023	484
31.048	547	31.074	498
31.098	546	31.124	511
31.150	544	31.175	522
31.200	548	31.225	531
31.251	548	31.277	537
31.301	548	31.327	545
31.352	548	31.378	558
31.403	546	31.428	556
31.454	548	31.479	547
31.504	551	31.530	543
31.555	550	31.581	537
31.605	549	31.631	525
31.656	554	31.682	514
31.707	548	31.732	501
31.758	547	31.783	489
31.809	549	31.834	477
31.859	548	31.885	466
31.910	548	31.935	454
31.961	548	31.986	450
32.012	546	32.036	447
32.062	548	32.088	434
32.113	546	32.138	437
32.163	547	32.189	437
32.215	548	32.239	445
32.265	547	32.290	455
32.316	545	32.341	463
32.366	544	32.392	471
32.417	550	32.442	485
32.467	551	32.493	503
32.519	542	32.543	500
32.569	549	32.594	520
32.620	550	32.645	532
32.670	549	32.696	544
32.721	549	32.746	546
32.772	548	32.797	545
32.823	548	32.847	547
32.873	549	32.899	545
32.924	549	32.949	543
32.974	548	33.000	530
33.026	548	33.050	524
33.076	548	33.101	512
33.127	547	33.152	503
33.177	552	33.203	489
33.228	548	33.253	477
33.278	547	33.304	464
33.330	551	33.354	456
33.380	547	33.405	446
33.431	548	33.456	445
33.481	548	33.507	441
33.532	549	33.557	442
33.583	548	33.608	444
33.634	548	33.658	452
33.684	549	33.710	452
33.735	552	33.760	467
33.785	548	33.811	476
33.837	549	33.861	486
33.887	552	33.912	498
33.938	545	33.963	512
33.988	552	34.014	521
34.039	543	34.064	535
34.090	549	34.115	542
34.141	543	34.165	543
34.191	549	34.216	546
34.242	549	34.267	544
34.292	546	34.318	543
34.343	549	34.368	540
34.394	549	34.419	526
34.445	549	34.469	523
34.495	548	34.521	512
34.546	548	34.571	500
34.596	548	34.622	487
34.648	549	34.672	478
34.698	546	34.723	467
34.749	547	34.774	456
34.799	546	34.825	449
34.850	554	34.876	445
34.901	549	34.926	442
34.952	551	34.977	441
35.002	546	35.027	446
35.053	548	35.079	445
35.103	549	35.129	454
35.154	548	35.180	469
35.205	548	35.230	473
35.256	551	35.281	487
35.306	549	35.332	496
35.357	548	35.383	511
35.407	550	35.433	521
35.459	550	35.484	530
35.509	545	35.534	537
35.560	552	35.586	542
35.610	545	35.636	549
35.661	555	35.687	545
35.712	549	35.737	542
35.763	551	35.788	537
35.813	548	35.838	529
35.864	548	35.890	519
35.914	547	35.940	510
35.965	549	35.991	498
36.016	549	36.041	484
36.067	549	36.092	484
36.117	546	36.143	466
36.168	548	36.194	457
36.218	547	36.244	450
36.270	552	36.295	444
36.320	549	36.345	443
36.371	553	36.397	450
36.421	547	36.447	448
36.472	546	36.498	451
36.523	549	36.548	461
36.574	545	36.599	462
36.624	549	36.650	480
36.675	547	36.701	484
36.725	548	36.751	493
36.776	542	36.802	516
36.827	549	36.852	527
36.878	555	36.903	529
36.928	548	36.954	535
36.979	551	37.005	539
37.029	544	37.055	542
37.081	545	37.106	544
37.131	553	37.156	541
37.182	549	37.208	535
37.232	546	37.258	527
37.283	549	37.309	518
37.334	549	37.359	508
37.385	548	37.410	499
37.435	549	37.461	490
37.486	548	37.512	475
37.536	548	37.562	474
37.587	548	37.613	458
37.638	549	37.663	452
37.689	549	37.714	456
37.739	554	37.765	445
37.790	552	37.816	447
37.840	547	37.866	449
37.892	548	37.917	453
37.942	549	37.967	459
37.993	549	38.019	469
38.043	544	38.069	478
38.094	548	38.120	483
38.145	549	38.170	504
38.196	548	38.221	510
38.246	549	38.272	522
38.297	549	38.323	525
38.347	551	38.373	531
38.398	549	38.424	540
38.449	549	38.474	545
38.500	549	38.525	541
38.550	554	38.576	542
38.601	550	38.627	534
38.651	552	38.677	528
38.703	548	38.728	519
38.753	548	38.778	513
38.804	544	38.830	498
38.854	549	38.880	490
38.905	549	38.931	477
38.956	549	38.981	469
39.007	550	39.032	459
39.057	548	39.083	453
39.108	548	39.134	448
39.158	555	39.184	451
39.210	548	39.235	448
39.260	549	39.285	450
39.311	548	39.336	455
39.361	548	39.387	462
39.412	548	39.438	470
39.462	550	39.488	480
39.514	548	39.539	490
39.564	551	39.589	501
39.615	548	39.641	510
39.665	549	39.691	523
39.716	550	39.742	529
39.767	549	39.792	538
39.818	550	39.843	539
39.868	549	39.894	540
39.919	550	39.945	536
39.969	548	39.995	532
40.021	547	40.046	533
40.071	548	40.096	525
40.122	549	40.147	517
40.172	547	40.198	507
40.223	541	40.249	496
40.273	545	40.299	486
40.325	548	40.350	477
40.375	548	40.400	468
40.426	550	40.452	459
40.476	549	40.502	450
40.527	549	40.553	452
40.578	550	40.603	449
40.629	548	40.654	454
40.679	550	40.705	452
40.730	549	40.756	462
40.780	550	40.806	465
40.832	549	40.857	462
40.882	546	40.907	482
40.933	548	40.958	490
40.983	550	41.009	503
41.034	546	41.060	510
41.084	550	41.110	519
41.136	542	41.161	528
41.186	553	41.211	533
41.237	547	41.263	536
41.287	549	41.313	536
41.338	550	41.364	530
41.389	549	41.414	537
41.440	549	41.465	531
41.490	550	41.516	523
41.541	550	41.567	516
41.591	549	41.617	507
41.643	556	41.668	495
41.693	546	41.718	487
41.744	548	41.770	478
41.794	551	41.820	469
41.845	547	41.871	462
41.895	539	41.921	456
41.947	554	41.972	451
41.997	548	42.022	450
42.048	550	42.074	462
42.098	548	42.124	460
42.149	548	42.175	460
42.200	548	42.225	471
42.251	549	42.276	474
42.301	550	42.327	476
42.352	548	42.378	494
42.402	550	42.428	501
42.454	553	42.479	511
42.504	549	42.529	521
42.555	548	42.581	524
42.605	557	42.631	532
42.656	551	42.682	536
42.706	549	42.732	537
42.758	549	42.783	537
42.808	548	42.833	534
42.859	550	42.885	524
42.909	550	42.935	521
42.960	553	42.986	508
43.011	550	43.036	507
43.062	549	43.087	495
43.112	549	43.138	487
43.163	549	43.189	478
43.213	546	43.239	469
43.265	550	43.290	467
43.315	541	43.340	459
43.366	552	43.392	453
43.416	547	43.442	453
43.467	548	43.493	452
43.517	548	43.543	453
43.569	548	43.594	460
43.619	545	43.644	469
43.670	549	43.696	478
43.720	548	43.746	487
43.771	548	43.797	502
43.822	549	43.847	505
43.873	548	43.898	512
43.923	549	43.949	519
43.974	548	44.000	533
44.024	547	44.050	529
44.076	546	44.101	530
44.126	549	44.151	536
44.177	551	44.203	534
44.227	547	44.253	536
44.278	549	44.304	527
44.328	548	44.354	524
44.380	550	44.405	513
44.431	548	44.455	498
44.481	549	44.507	494
44.532	549	44.557	487
44.582	549	44.608	477
44.634	549	44.658	469
44.684	553	44.709	465
44.735	551	44.760	457
44.785	550	44.811	455
44.836	547	44.861	453
44.887	555	44.912	454
44.938	554	44.962	456
44.988	545	45.014	462
45.039	543	45.064	472
45.089	551	45.115	470
45.141	548	45.165	486
45.191	548	45.216	499
45.242	549	45.266	500
45.292	547	45.318	516
45.343	550	45.368	517
45.393	549	45.419	523
45.445	549	45.469	536
45.495	555	45.520	543
45.546	550	45.571	533
45.596	552	45.622	534
45.647	549	45.672	531
45.698	549	45.723	526
45.749	549	45.773	521
45.799	545	45.825	512
45.850	543	45.875	501
45.900	549	45.926	493
45.952	550	45.976	484
46.002	550	46.027	478
46.053	550	46.077	471
46.103	549	46.129	465
46.154	549	46.179	458
46.204	549	46.230	463
46.256	548	46.280	458
46.306	549	46.331	456
46.357	542	46.382	461
46.407	547	46.433	464
46.458	549	46.483	469
46.509	553	46.534	478
46.560	549	46.584	484
46.610	555	46.636	493
46.661	549	46.686	504
46.711	549	46.737	513
46.763	551	46.787	516
46.813	554	46.838	523
46.864	548	46.888	534
46.914	550	46.940	536
46.965	546	46.990	538
47.015	550	47.041	533
47.067	550	47.091	528
47.117	547	47.142	524
47.168	551	47.193	518
47.218	548	47.244	512
47.269	545	47.294	504
47.320	552	47.345	495
47.371	549	47.396	484
47.421	545	47.447	479
47.472	550	47.498	474
47.522	549	47.548	462
47.574	549	47.599	466
47.624	549	47.649	457
47.675	549	47.701	458
47.725	551	47.751	457
47.776	550	47.802	458
47.826	550	47.852	467
47.878	549	47.903	472
47.928	549	47.953	479
47.979	549	48.005	487
48.029	549	48.055	495
48.080	548	48.106	503
48.131	550	48.156	511
48.182	551	48.207	512
48.232	550	48.258	524
48.283	554	48.309	523
48.333	549	48.359	531
48.385	552	48.410	531
48.435	550	48.460	530
48.486	550	48.512	529
48.536	550	48.562	524
48.587	550	48.613	518
48.637	551	48.663	509
48.689	547	48.714	502
48.739	551	48.764	495
48.790	548	48.816	487
48.840	549	48.866	478
48.891	550	48.917	472
48.942	551	48.967	466
48.993	550	49.018	460
49.043	549	49.069	458
49.094	549	49.120	456
49.144	549	49.170	459
49.196	549	49.221	459
49.246	553	49.271	466
49.297	549	49.323	474
49.347	550	49.373	480
49.398	550	49.424	485
49.448	550	49.474	496
49.500	547	49.525	498
49.550	548	49.575	511
49.601	543	49.627	516
49.651	550	49.677	526
49.702	549	49.728	528
49.753	553	49.778	530
49.804	546	49.829	529
49.854	554	49.880	531
49.905	550	49.931	526
49.955	550	49.981	523
50.007	550	50.032	517
50.057	551	50.082	512
50.108	553	50.134	499
50.158	551	50.184	489
50.209	549	50.235	484
50.259	548	50.285	479
50.311	547	50.336	471
50.361	551	50.386	467
50.412	552	50.438	463
50.462	553	50.488	460
50.513	551	50.539	459
50.564	552	50.589	459
50.615	549	50.640	464
50.666	550	50.691	469
50.716	550	50.742	475
50.767	550	50.792	485
50.818	550	50.843	487
50.869	550	50.893	494
50.919	548	50.945	504
50.970	551	50.995	511
51.020	558	51.046	518
51.072	548	51.096	522
51.122	554	51.147	531
51.173	554	51.197	528
51.223	545	51.249	529
51.274	552	51.299	528
51.324	555	51.350	525
51.376	552	51.400	521
51.426	551	51.451	513
51.477	550	51.502	506
51.527	550	51.553	506
51.578	550	51.603	497
51.629	551	51.654	483
51.680	550	51.704	480
51.730	550	51.756	474
51.781	548	51.806	467
51.831	549	51.857	464
51.883	551	51.907	468
51.933	554	51.958	461
51.984	542	52.008	463
52.034	552	52.060	460
52.085	546	52.110	469
52.135	546	52.161	478
52.187	550	52.211	485
52.237	550	52.262	489
52.288	549	52.313	497
52.338	551	52.364	503
52.389	550	52.414	508
52.440	551	52.465	517
52.491	552	52.515	521
52.541	551	52.567	525
52.592	553	52.617	527
52.642	551	52.668	528
52.694	548	52.718	526
52.744	549	52.769	524
52.795	549	52.819	520
52.845	556	52.871	514
52.896	545	52.921	508
52.946	549	52.972	500
52.998	550	53.022	494
53.048	550	53.073	488
53.099	547	53.124	483
53.149	550	53.175	470
53.200	551	53.225	473
53.251	551	53.276	464
53.302	552	53.326	468
53.352	551	53.378	462
53.403	552	53.428	462
53.453	547	53.479	465
53.505	550	53.529	472
53.555	547	53.580	476
53.606	547	53.630	482
53.656	550	53.682	489
53.707	551	53.733	497
53.757	551	53.783	503
53.809	550	53.834	515
53.859	551	53.884	522
53.910	551	53.936	527
53.960	549	53.986	523
54.011	551	54.037	519
54.062	547	54.087	526
54.113	547	54.138	529
54.163	551	54.189	523
54.214	546	54.240	520
54.264	555	54.290	512
54.316	551	54.341	507
54.366	549	54.391	501
54.417	549	54.443	492
54.467	553	54.493	483
54.518	543	54.544	479
54.568	551	54.594	479
54.620	550	54.645	469
54.670	548	54.695	467
54.721	550	54.747	466
54.771	548	54.797	455
54.822	544	54.848	467
54.873	550	54.898	469
54.924	542	54.949	472
54.974	547	55.000	478
55.025	552	55.051	490
55.075	554	55.101	491
55.127	550	55.152	498
55.177	547	55.202	504
55.228	551	55.254	510
55.278	553	55.304	520
55.329	551	55.355	523
55.379	550	55.405	520
55.431	553	55.456	527
55.481	551	55.506	525
55.532	551	55.558	523
55.582	554	55.608	527
55.633	550	55.659	516
55.684	550	55.709	511
55.735	550	55.760	504
55.785	549	55.811	498
55.836	557	55.862	493
55.886	550	55.912	486
55.938	552	55.963	480
55.988	554	56.013	473
56.039	548	56.065	463
56.089	550	56.115	464
56.140	551	56.166	466
56.190	550	56.216	466
56.242	551	56.267	466
56.292	550	56.317	470
56.343	551	56.369	474
56.393	546	56.419	479
56.444	550	56.470	484
56.495	553	56.520	492
56.546	551	56.571	498
56.596	549	56.622	503
56.647	557	56.673	509
56.697	550	56.723	514
56.749	552	56.774	520
56.799	552	56.824	522
56.850	550	56.876	524
56.900	551	56.926	528
56.951	550	56.977	528
57.002	550	57.027	527
57.053	551	57.078	514
57.103	549	57.128	511
57.154	551	57.180	509
57.204	551	57.230	501
57.255	551	57.281	493
57.306	549	57.331	487
57.357	549	57.382	481
57.407	552	57.433	476
57.458	548	57.484	470
57.508	546	57.534	468
57.560	544	57.585	461
57.610	552	57.635	467
57.661	550	57.687	467
57.711	550	57.737	474
57.762	551	57.788	472
57.813	555	57.838	480
57.864	550	57.889	485
57.914	551	57.939	485
57.965	547	57.991	499
58.015	552	58.041	505
58.066	552	58.092	510
58.117	547	58.142	515
58.168	561	58.193	522
58.219	551	58.244	522
58.269	556	58.295	523
58.320	547	58.345	524
58.371	552	58.396	521
58.422	550	58.446	517
58.472	551	58.498	513
58.523	551	58.548	505
58.573	552	58.599	504
58.625	554	58.649	494
58.675	551	58.700	490
58.726	550	58.750	487
58.776	549	58.802	481
58.827	548	58.852	476
58.877	549	58.903	473
58.929	546	58.953	469
58.979	549	59.004	468
59.030	549	59.055	469
59.080	549	59.106	470
59.131	556	59.156	471
59.182	555	59.207	480
59.233	550	59.257	482
59.283	552	59.309	485
59.334	552	59.359	495
59.384	551	59.410	490
59.436	550	59.460	506
59.486	547	59.511	508
59.537	551	59.562	515
59.587	552	59.613	519
59.638	550	59.663	521
59.688	550	59.714	529
59.740	550	59.764	521
59.790	551	59.815	521
59.841	552	59.866	518
59.891	551	59.917	513
59.942	551	59.967	509
59.993	550	60.018	505
60.044	551	60.068	498
60.094	549	60.120	493
60.145	551	60.170	489
60.195	551	60.221	482
60.247	550	60.271	480
60.297	552	60.322	474
60.348	550	60.373	473
60.398	550	60.424	469
60.449	551	60.474	469
60.499	550	60.525	470
60.551	547	60.575	474
60.601	547	60.626	478
60.652	548	60.677	480
60.702	552	60.728	489
60.753	551	60.778	492
60.804	551	60.829	497
60.855	554	60.879	507
60.905	551	60.931	515
60.956	551	60.981	520
61.006	551	61.032	516
61.058	551	61.082	515
61.108	552	61.133	522
61.159	547	61.184	522
61.209	550	61.235	519
61.260	540	61.286	516
61.310	553	61.336	513
61.362	552	61.387	514
61.412	551	61.437	496
61.463	550	61.489	497
61.513	553	61.539	492
61.564	552	61.590	487
61.615	551	61.640	482
61.666	550	61.691	477
61.716	550	61.742	470
61.767	550	61.793	466
61.817	547	61.843	469
61.869	552	61.894	472
61.919	550	61.944	472
61.970	551	61.996	476
62.020	551	62.046	480
62.071	551	62.097	483
62.122	549	62.147	489
62.173	552	62.198	499
62.223	551	62.248	495
62.274	551	62.300	505
62.324	550	62.350	510
62.375	550	62.401	514
62.426	549	62.451	517
62.477	551	62.502	520
62.527	551	62.553	517
62.578	549	62.604	528
62.628	551	62.654	520
62.680	551	62.705	517
62.730	553	62.755	517
62.781	547	62.807	507
62.831	551	62.857	506
62.882	547	62.908	496
62.933	542	62.958	491
62.984	543	63.009	482
63.034	550	63.059	481
63.085	552	63.111	478
63.135	550	63.161	473
63.186	551	63.212	472
63.237	550	63.262	470
63.288	550	63.313	464
63.338	549	63.364	471
63.389	553	63.415	471
63.439	551	63.465	480
63.491	550	63.516	483
63.541	552	63.566	490
63.592	551	63.618	494
63.642	547	63.668	502
63.693	544	63.719	506
63.744	552	63.769	508
63.795	554	63.820	516
63.845	553	63.870	516
63.896	549	63.922	514
63.946	550	63.972	522
63.997	551	64.023	519
64.048	551	64.073	516
64.099	552	64.124	517
64.149	552	64.175	515
64.200	551	64.226	506
64.250	553	64.276	501
64.302	552	64.327	496
64.352	551	64.377	489
64.403	553	64.429	486
64.453	550	64.479	480
64.504	553	64.530	477
64.555	550	64.580	477
64.606	550	64.631	467
64.656	553	64.682	472
64.707	552	64.733	476
64.757	548	64.783	470
64.808	550	64.834	474
64.859	551	64.884	485
64.910	550	64.935	491
64.961	554	64.986	491
65.011	552	65.037	497
65.062	552	65.087	501
65.113	556	65.138	506
65.164	550	65.188	510
65.214	554	65.240	517
65.265	550	65.290	516
65.315	552	65.341	519
65.367	551	65.391	518
65.417	550	65.442	520
65.468	551	65.493	519
65.518	551	65.544	514
65.569	549	65.594	511
65.619	552	65.645	507
65.671	553	65.695	505
65.721	546	65.746	495
65.772	551	65.797	489
65.822	552	65.848	486
65.873	556	65.898	481
65.924	548	65.949	479
65.975	550	65.999	477
66.025	551	66.051	475
66.076	551	66.101	475
66.126	549	66.152	475
66.178	552	66.202	476
66.228	552	66.253	478
66.279	552	66.304	480
66.329	552	66.355	488
66.380	550	66.405	491
66.430	552	66.456	499
66.482	551	66.506	507
66.532	552	66.557	507
66.583	552	66.608	510
66.633	551	66.659	512
66.684	554	66.709	518
66.735	551	66.760	517
66.786	555	66.810	518
66.836	558	66.862	519
66.887	546	66.912	515
66.937	551	66.963	514
66.989	552	67.013	504
67.039	548	67.064	505
67.090	549	67.115	502
67.140	548	67.166	491
67.191	552	67.216	493
67.242	552	67.267	486
67.293	551	67.317	484
67.343	552	67.368	480
67.394	553	67.419	478
67.444	551	67.470	476
67.495	549	67.520	474
67.546	554	67.571	475
67.597	551	67.621	478
67.647	549	67.673	488
67.698	554	67.723	483
67.748	552	67.774	485
67.800	552	67.824	488
67.850	552	67.875	495
67.901	552	67.926	503
67.951	552	67.977	504
68.002	551	68.028	504
68.053	551	68.078	514
68.104	552	68.129	514
68.154	552	68.179	517
68.205	550	68.231	516
68.255	550	68.281	515
68.306	553	68.332	515
68.357	552	68.382	512
68.408	552	68.433	509
68.458	547	68.484	506
68.509	552	68.535	500
68.559	552	68.585	494
68.611	550	68.636	490
68.661	551	68.686	487
68.712	552	68.738	480
68.762	551	68.788	481
68.813	551	68.839	476
68.864	552	68.889	477
68.915	551	68.940	477
68.965	558	68.990	478
69.016	551	69.042	478
69.066	547	69.092	485
69.117	553	69.143	485
69.168	553	69.193	487
69.219	555	69.244	498
69.269	551	69.295	497
69.320	550	69.346	499
69.370	553	69.396	507
69.422	551	69.447	505
69.472	552	69.497	509
69.523	552	69.549	517
69.573	551	69.599	515
69.624	552	69.650	521
69.675	552	69.700	514
69.726	552	69.751	514
69.776	551	69.802	511
69.827	549	69.853	507
69.877	551	69.903	503
69.928	556	69.954	508
69.979	551	70.004	494
70.030	553	70.055	491
70.080	553	70.106	487
70.131	550	70.157	478
70.181	552	70.207	486
70.233	551	70.258	472
70.283	552	70.308	479
70.334	551	70.360	475
70.384	554	70.410	478
70.435	552	70.461	481
70.486	556	70.511	482
70.537	552	70.562	479
70.587	551	70.613	490
70.638	559	70.664	495
70.688	550	70.714	499
70.739	551	70.765	503
70.790	553	70.815	511
70.841	552	70.866	510
70.891	551	70.917	515
70.942	552	70.968	508
70.992	553	71.018	518
71.044	552	71.069	513
71.094	549	71.119	509
71.145	552	71.171	513
71.195	552	71.221	511
71.246	552	71.272	508
71.297	552	71.322	503
71.348	550	71.373	500
71.398	556	71.424	494
71.449	550	71.475	491
71.499	547	71.525	481
71.550	562	71.576	483
71.601	557	71.626	480
71.652	555	71.677	480
71.702	544	71.728	479
71.753	551	71.779	479
71.803	551	71.829	476
71.855	552	71.880	492
71.905	550	71.930	477
71.956	552	71.982	489
72.006	552	72.032	493
72.057	548	72.083	488
72.108	555	72.133	499
72.159	557	72.184	503
72.209	552	72.235	506
72.260	550	72.286	509
72.310	549	72.336	511
72.362	543	72.387	514
72.412	554	72.437	514
72.463	552	72.488	516
72.513	550	72.539	513
72.564	551	72.590	511
72.614	552	72.640	516
72.666	550	72.691	506
72.716	556	72.741	509
72.767	552	72.793	499
72.817	552	72.843	498
72.868	550	72.894	491
72.919	551	72.944	488
72.970	548	72.995	484
73.020	552	73.046	482
73.071	555	73.097	480
73.121	557	73.147	479
73.173	552	73.198	480
73.223	551	73.248	481
73.274	554	73.299	483
73.324	551	73.350	482
73.375	551	73.401	488
73.425	551	73.451	492
73.477	553	73.502	495
73.527	552	73.552	498
73.578	552	73.604	504
73.628	551	73.654	507
73.679	548	73.705	511
73.730	553	73.755	513
73.781	550	73.806	513
73.831	545	73.857	512
73.882	547	73.908	514
73.932	556	73.958	511
73.984	551	74.009	510
74.034	550	74.059	508
74.085	552	74.110	503
74.135	552	74.161	507
74.186	552	74.212	500
74.236	549	74.262	494
74.288	551	74.313	486
74.338	555	74.363	487
74.389	553	74.415	485
74.439	553	74.465	484
74.490	550	74.516	480
74.541	560	74.566	480
74.592	548	74.617	480
74.642	549	74.668	481
74.693	552	74.719	484
74.743	550	74.769	487
74.795	549	74.820	491
74.845	553	74.870	491
74.896	551	74.922	496
74.946	552	74.972	492
74.997	553	75.023	507
75.047	552	75.073	508
75.099	551	75.124	503
75.149	553	75.174	512
75.200	553	75.226	513
75.250	552	75.276	515
75.301	551	75.327	513
75.352	551	75.377	511
75.403	555	75.428	508
75.453	552	75.479	508
75.504	552	75.530	504
75.554	551	75.580	501
75.606	553	75.631	497
75.656	552	75.681	492
75.707	549	75.733	491
75.757	552	75.783	489
75.808	554	75.834	488
75.858	551	75.884	482
75.910	552	75.935	485
75.960	546	75.985	482
76.011	550	76.037	482
76.061	550	76.087	483
76.112	553	76.138	484
76.163	550	76.188	488
76.214	551	76.239	491
76.264	552	76.290	494
76.315	555	76.341	498
76.365	552	76.391	500
76.417	552	76.442	502
76.467	551	76.492	508
76.518	552	76.544	510
76.568	553	76.594	512
76.619	552	76.645	509
76.669	554	76.695	519
76.721	554	76.746	510
76.771	552	76.796	511
76.822	551	76.848	509
76.872	552	76.898	505
76.923	553	76.949	503
76.975	557	76.999	500
77.025	553	77.050	497
77.076	553	77.101	490
77.126	553	77.152	492
77.177	550	77.202	487
77.228	552	77.253	485
77.279	552	77.303	491
77.329	555	77.355	481
77.380	552	77.405	485
77.430	551	77.456	481
77.482	556	77.506	482
77.532	551	77.557	488
77.583	550	77.607	488
77.633	551	77.659	491
77.684	554	77.709	494
77.734	549	77.760	498
77.786	558	77.810	501
77.836	553	77.861	504
77.887	555	77.912	511
77.937	552	77.963	507
77.988	552	78.013	509
78.039	553	78.064	517
78.090	552	78.114	511
78.140	552	78.166	512
78.191	552	78.216	510
78.241	550	78.267	507
78.293	553	78.317	505
78.343	554	78.368	502
78.394	558	78.418	500
78.444	555	78.470	497
78.495	554	78.520	495
78.545	556	78.571	492
78.597	557	78.621	487
78.647	551	78.672	486
78.698	553	78.723	485
78.748	555	78.774	486
78.799	551	78.824	483
78.850	551	78.875	480
78.901	553	78.925	485
78.951	552	78.977	489
79.002	552	79.027	492
79.052	553	79.078	495
79.104	552	79.128	496
79.154	547	79.179	498
79.205	551	79.229	501
79.255	548	79.281	502
79.306	544	79.331	507
79.356	553	79.382	508
79.408	552	79.432	510
79.458	553	79.483	511
79.509	550	79.534	511
79.559	553	79.585	510
79.610	552	79.635	511
79.661	552	79.686	504
79.712	552	79.736	504
79.762	554	79.788	499
79.813	546	79.838	495
79.863	548	79.889	496
79.915	551	79.939	493
79.965	551	79.990	490
80.016	552	80.040	488
80.066	545	80.092	487
80.117	553	80.143	487
80.167	551	80.193	485
80.219	552	80.244	485
80.269	552	80.294	488
80.320	552	80.346	484
80.370	552	80.396	491
80.421	555	80.447	490
80.472	552	80.497	496
80.523	552	80.548	497
80.573	550	80.599	498
80.624	554	80.650	502
80.674	555	80.700	505
80.726	553	80.751	513
80.776	550	80.801	508
80.827	553	80.853	510
80.877	554	80.903	511
80.928	547	80.954	509
80.978	549	81.004	501
81.030	553	81.055	509
81.080	552	81.105	505
81.131	552	81.157	504
81.181	552	81.207	500
81.232	551	81.258	498
81.283	552	81.308	493
81.334	552	81.359	495
81.384	550	81.410	489
81.435	554	81.461	489
81.485	551	81.511	488
81.537	553	81.562	485
81.587	555	81.612	484
81.638	552	81.664	485
81.688	552	81.714	487
81.739	552	81.765	488
81.789	552	81.815	492
81.841	553	81.866	493
81.891	549	81.916	492
81.942	553	81.968	490
81.992	549	82.018	497
82.043	552	82.069	507
82.094	552	82.119	504
82.145	555	82.170	509
82.195	551	82.221	508
82.246	552	82.272	509
82.296	553	82.322	509
82.348	557	82.373	509
82.398	548	82.423	508
82.449	547	82.475	507
82.499	554	82.525	506
82.550	554	82.576	503
82.600	552	82.626	503
82.652	553	82.677	498
82.702	552	82.727	496
82.753	552	82.779	486
82.803	553	82.829	491
82.854	550	82.880	485
82.905	553	82.930	489
82.956	552	82.981	488
83.006	552	83.032	486
83.057	554	83.083	487
83.107	550	83.133	487
83.159	554	83.184	492
83.209	549	83.234	490
83.260	547	83.286	493
83.310	553	83.336	495
83.361	552	83.387	498
83.411	550	83.437	505
83.463	553	83.488	496
83.513	552	83.538	507
83.564	552	83.590	511
83.614	552	83.640	510
83.665	552	83.691	508
83.716	552	83.741	508
83.767	554	83.792	508
83.818	556	83.843	507
83.868	551	83.894	507
83.919	548	83.944	504
83.970	555	83.995	502
84.021	550	84.045	499
84.071	552	84.097	498
84.122	551	84.147	498
84.172	552	84.198	493
84.224	553	84.248	493
84.274	553	84.299	485
84.325	555	84.349	484
84.375	551	84.401	487
84.426	553	84.451	488
84.476	554	84.502	487
84.528	554	84.552	494
84.578	556	84.603	490
84.629	550	84.654	493
84.679	559	84.705	488
84.730	552	84.755	496
84.781	558	84.806	501
84.832	552	84.856	500
84.882	553	84.908	503
84.933	549	84.958	507
84.983	552	85.009	506
85.035	554	85.059	513
85.085	552	85.110	503
85.136	550	85.160	512
85.186	548	85.212	500
85.237	553	85.262	507
85.287	555	85.313	506
85.339	552	85.363	502
85.389	553	85.414	503
85.440	552	85.465	500
85.490	549	85.516	497
85.541	553	85.566	494
85.592	553	85.617	493
85.643	550	85.667	490
85.693	552	85.719	485
85.744	551	85.769	486
85.794	553	85.820	489
85.846	552	85.870	486
85.896	551	85.921	482
85.947	554	85.971	488
85.997	552	86.023	491
86.048	556	86.073	493
86.098	552	86.124	495
86.150	549	86.174	497
86.200	552	86.225	499
86.251	556	86.276	503
86.301	548	86.327	504
86.352	552	86.377	504
86.403	553	86.428	508
86.454	553	86.478	505
86.504	552	86.530	508
86.555	551	86.580	506
86.605	553	86.631	507
86.657	553	86.681	512
86.707	552	86.732	500
86.758	552	86.782	503
86.808	554	86.834	500
86.859	552	86.885	499
86.909	550	86.935	497
86.961	559	86.986	495
87.011	556	87.036	492
87.062	551	87.088	491
87.112	553	87.138	489
87.163	552	87.189	488
87.214	557	87.239	490
87.265	552	87.290	489
87.315	553	87.341	489
87.366	552	87.392	484
87.416	546	87.442	489
87.468	554	87.493	496
87.518	553	87.543	496
87.569	550	87.595	497
87.619	553	87.645	499
87.670	550	87.696	501
87.720	548	87.746	503
87.772	555	87.797	505
87.822	546	87.847	507
87.873	556	87.899	507
87.923	553	87.949	509
87.974	553	88.000	506
88.025	553	88.050	510
88.076	554	88.101	506
88.126	556	88.152	500
88.177	552	88.203	502
88.227	551	88.253	500
88.279	552	88.304	498
88.329	552	88.354	496
88.380	553	88.406	492
88.430	548	88.456	492
88.481	555	88.507	492
88.531	557	88.557	490
88.583	553	88.608	488
88.633	554	88.658	496
88.684	554	88.710	486
88.734	549	88.760	490
88.785	553	88.811	490
88.836	551	88.861	491
88.887	552	88.912	491
88.937	552	88.963	491
88.988	553	89.014	503
89.038	554	89.064	500
89.090	551	89.115	500
89.140	557	89.165	505
89.191	549	89.217	506
89.241	556	89.267	505
89.292	549	89.318	502
89.342	548	89.368	507
89.394	554	89.419	506
89.444	550	89.469	506
89.495	553	89.521	501
89.545	554	89.571	507
89.596	552	89.622	497
89.647	553	89.672	498
89.698	552	89.723	497
89.748	553	89.774	500
89.799	554	89.825	494
89.849	553	89.875	498
89.901	551	89.926	490
89.951	554	89.976	491
90.002	553	90.028	490
90.052	553	90.078	493
90.103	552	90.129	490
90.154	549	90.179	491
90.205	553	90.230	492
90.255	549	90.280	493
90.306	553	90.332	497
90.356	553	90.382	498
90.407	552	90.433	495
90.458	550	90.483	498
90.509	553	90.534	501
90.559	555	90.585	504
90.610	553	90.636	504
90.660	554	90.686	505
90.712	555	90.737	512
90.762	552	90.787	507
90.813	547	90.839	507
90.863	548	90.889	505
90.914	557	90.940	506
90.965	552	90.990	493
91.016	552	91.041	498
91.066	553	91.091	500
