#Creator: pendulumviewEventBuffer
#Creation time: Sat Apr 16 16:43:29 2011
#Time A	Pos A	Time B	Pos B
#[s]	[au]	[s]	[au]
0.026	548	0.051	360
0.076	548	0.101	356
0.127	555	0.153	370
0.177	559	0.203	370
0.228	560	0.254	381
0.279	569	0.304	375
0.330	570	0.355	380
0.380	559	0.405	376
0.431	553	0.457	368
0.481	558	0.507	372
0.532	559	0.558	384
0.583	561	0.608	383
0.634	559	0.659	415
0.684	559	0.710	440
0.735	560	0.761	467
0.785	557	0.811	496
0.837	557	0.862	531
0.887	560	0.912	560
0.938	560	0.964	587
0.988	564	1.014	611
1.039	558	1.065	622
1.090	559	1.115	641
1.141	568	1.166	645
1.191	552	1.217	645
1.242	560	1.268	639
1.292	559	1.318	620
1.343	555	1.369	605
1.394	561	1.419	583
1.445	560	1.470	553
1.495	562	1.521	521
1.546	557	1.572	494
1.596	560	1.622	459
1.648	557	1.673	433
1.698	557	1.723	410
1.749	554	1.775	390
1.799	561	1.825	375
1.850	560	1.876	376
1.901	558	1.926	371
1.952	559	1.977	379
2.002	559	2.028	396
2.053	560	2.079	426
2.103	558	2.129	448
2.154	559	2.180	473
2.205	558	2.230	502
2.256	558	2.281	532
2.306	564	2.332	565
2.357	560	2.383	588
2.407	561	2.433	609
2.459	556	2.484	627
2.509	565	2.534	641
2.560	560	2.586	645
2.610	560	2.636	642
2.661	560	2.687	637
2.712	554	2.737	618
2.763	559	2.788	599
2.813	560	2.839	579
2.864	561	2.890	555
2.914	561	2.940	519
2.965	560	2.991	489
3.016	560	3.041	459
3.067	565	3.092	435
3.117	560	3.143	411
3.168	559	3.194	395
3.218	561	3.244	375
3.270	559	3.295	380
3.320	559	3.345	378
3.371	561	3.397	389
3.421	559	3.447	404
3.472	560	3.498	428
3.523	558	3.548	448
3.574	560	3.599	474
3.624	558	3.650	504
3.675	561	3.701	535
3.725	556	3.751	562
3.777	564	3.802	588
3.827	562	3.852	610
3.878	557	3.903	630
3.928	561	3.954	637
3.979	560	4.005	642
4.029	559	4.055	645
4.081	560	4.106	629
4.131	560	4.156	618
4.182	560	4.208	597
4.232	557	4.258	576
4.283	560	4.309	547
4.334	560	4.359	516
4.385	557	4.410	494
4.435	562	4.461	458
4.486	557	4.512	432
4.536	556	4.562	412
4.588	561	4.613	395
4.638	558	4.663	385
4.689	559	4.714	377
4.739	558	4.765	380
4.790	558	4.816	393
4.840	559	4.866	405
4.892	558	4.917	432
4.942	559	4.967	448
4.993	560	5.019	478
5.043	560	5.069	506
5.094	559	5.120	536
5.145	554	5.170	563
5.196	554	5.221	589
5.246	552	5.272	610
5.297	562	5.323	624
5.347	557	5.373	635
5.399	560	5.424	641
5.449	560	5.474	637
5.500	560	5.525	629
5.550	561	5.576	609
5.601	558	5.627	597
5.651	558	5.677	575
5.703	560	5.728	543
5.753	560	5.778	514
5.804	568	5.830	489
5.854	559	5.880	454
5.905	559	5.931	432
5.956	561	5.981	408
6.007	556	6.032	396
6.057	563	6.083	387
6.108	558	6.134	383
6.158	558	6.184	385
6.210	559	6.235	401
6.260	558	6.285	409
6.311	559	6.337	429
6.361	563	6.387	457
6.412	558	6.438	481
6.462	558	6.488	510
6.514	559	6.539	538
6.564	561	6.589	565
6.615	560	6.641	590
6.665	559	6.691	610
6.716	559	6.742	626
6.767	560	6.792	635
6.818	559	6.843	636
6.868	561	6.894	635
6.919	560	6.945	626
6.969	562	6.995	609
7.021	560	7.046	587
7.071	560	7.096	565
7.122	560	7.148	539
7.172	562	7.198	511
7.223	561	7.249	483
7.273	549	7.299	455
7.325	564	7.350	432
7.375	559	7.400	413
7.426	548	7.452	398
7.476	558	7.502	388
7.527	559	7.553	387
7.578	559	7.603	393
7.629	559	7.654	401
7.679	559	7.705	418
7.730	558	7.756	434
7.780	559	7.806	458
7.832	560	7.857	484
7.882	560	7.907	511
7.933	562	7.959	540
7.983	556	8.009	565
8.034	558	8.060	589
8.084	556	8.110	608
8.136	561	8.161	625
8.186	561	8.211	630
8.237	561	8.263	637
8.287	561	8.313	631
8.338	560	8.364	625
8.389	561	8.414	607
8.440	561	8.465	587
8.490	559	8.516	561
8.541	559	8.567	534
8.591	559	8.617	509
8.643	556	8.668	481
8.693	565	8.718	456
8.744	561	8.770	432
8.794	560	8.820	413
8.845	566	8.871	399
8.895	555	8.921	394
8.947	558	8.972	389
8.998	559	9.022	390
9.048	560	9.074	405
9.099	558	9.124	423
9.149	559	9.175	437
9.201	559	9.225	460
9.251	558	9.276	480
9.302	557	9.327	513
9.352	558	9.378	538
9.403	554	9.428	567
9.454	555	9.479	590
9.505	559	9.529	607
9.555	566	9.581	622
9.606	559	9.631	630
9.656	563	9.682	636
9.708	561	9.732	629
9.758	560	9.783	619
9.809	557	9.833	609
9.859	560	9.885	588
9.910	559	9.935	553
9.960	560	9.986	533
10.012	560	10.036	507
10.062	560	10.087	479
10.113	554	10.138	456
10.163	554	10.189	431
10.214	559	10.239	415
10.265	554	10.290	400
10.316	558	10.340	400
10.366	559	10.392	390
10.417	559	10.442	394
10.467	562	10.493	410
10.519	558	10.543	418
10.569	558	10.594	438
10.620	556	10.644	464
10.670	559	10.696	491
10.721	558	10.746	515
10.771	561	10.797	543
10.823	560	10.847	569
10.873	561	10.898	589
10.924	559	10.949	608
10.974	561	11.000	621
11.025	558	11.050	627
11.076	559	11.101	631
11.127	562	11.151	625
11.177	560	11.203	620
11.228	562	11.253	601
11.278	559	11.304	579
11.330	555	11.354	558
11.380	559	11.405	532
11.431	560	11.455	505
11.481	558	11.507	479
11.532	548	11.557	454
11.582	563	11.608	432
11.634	557	11.658	415
11.684	558	11.709	401
11.735	560	11.760	395
11.785	557	11.811	393
11.836	559	11.861	402
11.887	561	11.912	407
11.938	559	11.963	431
11.988	559	12.014	445
12.039	559	12.065	463
12.089	559	12.115	488
12.141	564	12.166	514
12.191	556	12.216	546
12.242	563	12.268	569
12.292	555	12.318	591
12.343	558	12.369	607
12.393	562	12.419	620
12.445	560	12.470	626
12.495	560	12.520	627
12.546	560	12.572	622
12.596	560	12.622	613
12.647	561	12.673	597
12.698	565	12.723	575
12.749	561	12.774	550
12.799	559	12.825	533
12.850	558	12.876	501
12.900	560	12.926	477
12.952	559	12.977	453
13.002	560	13.027	436
13.053	560	13.079	415
13.103	560	13.129	404
13.154	560	13.180	401
13.204	561	13.230	396
13.256	560	13.281	402
13.306	567	13.331	413
13.357	560	13.383	421
13.407	559	13.433	444
13.458	559	13.484	467
13.509	561	13.534	495
13.560	560	13.585	525
13.610	557	13.636	547
13.661	556	13.687	570
13.711	561	13.737	589
13.763	558	13.788	607
13.813	557	13.838	617
13.864	556	13.890	624
13.914	560	13.940	627
13.965	558	13.991	618
14.015	560	14.041	611
14.067	560	14.092	597
14.117	557	14.142	574
14.168	558	14.194	554
14.218	564	14.244	529
14.269	559	14.295	501
14.320	559	14.345	470
14.371	560	14.396	452
14.421	562	14.447	432
14.472	559	14.498	417
14.522	557	14.548	408
14.574	555	14.599	399
14.624	558	14.649	397
14.675	559	14.701	403
14.725	559	14.751	414
14.776	560	14.802	429
14.826	559	14.852	443
14.878	559	14.903	476
14.928	560	14.953	497
14.979	554	15.005	522
15.029	561	15.055	547
15.080	560	15.106	571
15.131	555	15.156	591
15.182	563	15.207	607
15.233	560	15.258	615
15.283	562	15.309	623
15.334	562	15.359	629
15.385	561	15.410	618
15.436	559	15.460	604
15.486	561	15.512	592
15.537	561	15.562	576
15.587	559	15.613	557
15.639	559	15.663	529
15.689	559	15.714	500
15.740	557	15.764	473
15.790	557	15.816	452
15.841	562	15.866	431
15.891	564	15.917	420
15.943	565	15.967	405
15.993	561	16.018	400
16.044	561	16.069	402
16.094	560	16.120	413
16.145	560	16.170	418
16.196	559	16.221	431
16.247	561	16.271	452
16.297	559	16.323	475
16.348	555	16.373	499
16.398	560	16.424	528
16.450	563	16.474	550
16.500	558	16.525	571
16.551	560	16.575	590
16.601	568	16.627	605
16.652	562	16.677	618
16.702	561	16.728	621
16.754	560	16.778	622
16.804	559	16.829	616
16.855	560	16.880	604
16.905	560	16.931	591
16.956	559	16.981	569
17.007	555	17.032	545
17.058	559	17.082	523
17.108	560	17.134	497
17.159	560	17.184	473
17.209	559	17.235	451
17.261	559	17.285	433
17.311	555	17.336	417
17.362	560	17.386	413
17.412	557	17.438	403
17.463	558	17.488	404
17.513	560	17.539	408
17.565	561	17.589	421
17.615	562	17.640	433
17.666	561	17.691	451
17.716	557	17.742	482
17.767	559	17.792	503
17.818	559	17.843	527
17.869	559	17.893	551
17.919	557	17.945	572
17.970	556	17.995	592
18.020	565	18.046	605
18.072	557	18.096	612
18.122	560	18.147	622
18.173	560	18.197	620
18.223	556	18.249	616
18.274	559	18.300	600
18.324	560	18.350	587
18.376	559	18.401	569
18.426	560	18.451	548
18.477	559	18.503	514
18.527	559	18.553	490
18.578	562	18.604	471
18.629	557	18.654	450
18.680	557	18.705	433
18.730	558	18.756	418
18.781	551	18.807	416
18.831	562	18.857	405
18.883	559	18.908	406
18.933	562	18.958	411
18.984	559	19.010	424
19.034	559	19.060	437
19.085	559	19.111	462
19.135	558	19.161	478
19.187	559	19.212	504
19.237	559	19.262	530
19.288	561	19.314	552
19.338	560	19.364	573
19.389	566	19.415	591
19.440	566	19.465	605
19.491	559	19.516	614
19.541	559	19.567	618
19.592	559	19.618	617
19.642	557	19.668	613
19.694	560	19.719	598
19.744	561	19.769	581
19.795	559	19.821	563
19.845	560	19.871	539
19.896	557	19.922	518
19.946	561	19.972	485
19.998	560	20.023	470
20.048	560	20.073	450
20.099	559	20.125	433
20.149	563	20.175	418
20.200	564	20.226	410
20.251	561	20.276	406
20.302	561	20.327	407
20.352	560	20.378	416
20.403	562	20.429	426
20.453	558	20.479	442
20.505	559	20.530	458
20.555	559	20.580	484
20.606	561	20.632	507
20.656	559	20.682	527
20.707	562	20.733	558
20.757	560	20.783	575
20.809	558	20.834	591
20.859	561	20.884	607
20.910	555	20.936	613
20.960	561	20.986	614
21.011	562	21.037	613
21.062	561	21.087	607
21.113	563	21.138	599
21.163	561	21.189	576
21.214	561	21.240	560
21.264	562	21.290	534
21.316	559	21.341	521
21.366	559	21.391	489
21.417	560	21.443	473
21.467	561	21.493	450
21.518	558	21.544	432
21.569	560	21.594	420
21.620	559	21.645	413
21.670	563	21.695	408
21.721	553	21.747	414
21.771	560	21.797	417
21.822	558	21.848	435
21.873	559	21.898	445
21.924	560	21.949	467
21.974	559	22.000	486
22.025	559	22.051	510
22.075	559	22.101	532
22.127	560	22.152	554
22.177	560	22.202	580
22.228	561	22.254	590
22.278	559	22.304	603
22.329	568	22.355	611
22.380	556	22.405	616
22.431	560	22.456	613
22.481	559	22.506	604
22.532	560	22.558	592
22.582	560	22.608	580
22.633	560	22.659	554
22.684	561	22.709	538
22.735	560	22.760	518
22.786	560	22.811	493
22.836	559	22.862	468
22.887	559	22.912	448
22.938	555	22.963	433
22.989	559	23.013	420
23.039	557	23.065	411
23.090	558	23.115	411
23.140	563	23.166	413
23.192	560	23.216	419
23.242	559	23.267	434
23.293	558	23.317	450
23.343	562	23.369	469
23.394	560	23.419	494
23.444	559	23.470	513
23.496	558	23.520	529
23.546	559	23.571	553
23.597	564	23.622	572
23.647	559	23.673	589
23.698	561	23.723	606
23.749	559	23.774	610
23.800	560	23.824	618
23.850	560	23.876	610
23.901	560	23.926	602
23.951	561	23.977	591
24.003	559	24.027	574
24.053	561	24.078	558
24.104	560	24.129	537
24.154	561	24.180	511
24.205	559	24.230	492
24.255	560	24.281	473
24.307	559	24.331	449
24.357	557	24.382	434
24.408	558	24.433	421
24.458	567	24.484	415
24.509	563	24.534	412
24.560	558	24.585	412
24.611	562	24.635	423
24.661	557	24.687	435
24.712	559	24.737	450
24.762	559	24.788	464
24.814	559	24.838	488
24.864	560	24.889	514
24.915	560	24.940	539
24.965	565	24.991	554
25.016	561	25.041	575
25.066	556	25.092	591
25.118	563	25.142	600
25.168	557	25.193	609
25.219	564	25.244	611
25.269	551	25.295	607
25.320	559	25.345	599
25.371	560	25.396	586
25.422	560	25.446	568
25.472	561	25.498	555
25.523	560	25.548	534
25.573	559	25.599	512
25.625	559	25.649	488
25.675	560	25.700	466
25.726	557	25.751	446
25.776	559	25.802	434
25.827	556	25.853	422
25.877	563	25.903	416
25.929	560	25.954	414
25.979	550	26.004	418
26.030	557	26.056	425
26.080	561	26.106	437
26.131	563	26.157	454
26.182	552	26.207	475
26.233	560	26.258	494
26.283	559	26.309	513
26.334	563	26.360	543
26.384	560	26.410	558
26.436	560	26.461	574
26.486	561	26.511	589
26.537	566	26.563	602
26.587	553	26.613	607
26.638	553	26.664	606
26.689	566	26.714	606
26.740	567	26.765	599
26.790	556	26.815	584
26.841	566	26.867	565
26.891	560	26.917	550
26.942	560	26.968	532
26.993	559	27.018	509
27.044	559	27.069	487
27.094	560	27.120	472
27.145	559	27.171	452
27.195	559	27.221	437
27.247	560	27.272	424
27.297	558	27.322	417
27.348	560	27.374	415
27.398	556	27.424	419
27.449	557	27.475	428
27.500	562	27.525	440
27.551	563	27.576	456
27.601	562	27.626	469
27.652	557	27.678	493
27.702	560	27.728	518
27.753	560	27.779	538
27.804	561	27.829	557
27.855	558	27.880	577
27.905	560	27.931	590
27.956	561	27.982	599
28.006	560	28.032	604
28.058	558	28.083	607
28.108	560	28.133	604
28.159	562	28.185	596
28.209	561	28.235	582
28.260	563	28.286	567
28.311	560	28.336	556
28.362	560	28.387	533
28.412	559	28.437	502
28.463	558	28.489	478
28.513	559	28.539	464
28.564	561	28.590	442
28.615	559	28.640	433
28.666	559	28.691	425
28.716	558	28.742	419
28.767	561	28.793	419
28.817	563	28.843	424
28.869	558	28.894	431
28.919	562	28.944	443
28.970	559	28.996	458
29.020	563	29.046	478
29.071	560	29.097	499
29.122	561	29.147	523
29.173	560	29.198	537
29.223	559	29.249	560
29.274	559	29.300	581
29.324	557	29.350	594
29.375	562	29.401	600
29.426	562	29.451	603
29.477	558	29.502	605
29.528	563	29.553	601
29.578	560	29.604	593
29.629	565	29.654	578
29.680	554	29.705	563
29.731	559	29.755	545
29.781	559	29.807	526
29.832	560	29.857	508
29.882	559	29.908	484
29.934	560	29.958	469
29.984	560	30.009	449
30.035	559	30.060	442
30.085	560	30.111	427
30.136	567	30.161	420
30.186	558	30.212	420
30.238	557	30.262	423
30.288	557	30.313	432
30.339	551	30.364	446
30.389	560	30.415	467
30.440	564	30.465	482
30.491	563	30.516	501
30.542	562	30.566	520
30.592	560	30.618	539
30.643	555	30.668	563
30.693	560	30.719	574
30.745	559	30.769	585
30.795	559	30.820	601
30.846	561	30.871	603
30.896	555	30.922	607
30.947	564	30.972	600
30.997	563	31.023	590
31.049	560	31.073	577
31.099	553	31.124	560
31.150	563	31.175	543
31.200	561	31.226	526
31.251	561	31.276	499
31.302	558	31.327	482
31.353	558	31.377	465
31.403	559	31.429	450
31.454	559	31.479	437
31.504	559	31.530	425
31.556	558	31.580	423
31.606	559	31.631	421
31.657	559	31.682	427
31.707	560	31.733	436
31.758	556	31.783	447
31.809	561	31.834	464
31.860	556	31.884	482
31.910	557	31.935	502
31.961	561	31.986	519
32.011	562	32.037	547
32.062	559	32.087	562
32.113	560	32.138	577
32.164	561	32.188	594
32.214	558	32.240	597
32.265	561	32.290	599
32.315	560	32.341	606
32.367	565	32.391	598
32.417	559	32.442	588
32.468	555	32.493	575
32.518	555	32.544	559
32.569	561	32.595	540
32.620	557	32.645	522
32.671	557	32.696	501
32.721	559	32.746	481
32.772	559	32.798	462
32.822	560	32.848	451
32.873	559	32.899	438
32.924	560	32.949	433
32.975	560	33.000	427
33.025	559	33.051	424
33.076	560	33.102	429
33.126	555	33.152	438
33.178	567	33.203	451
33.228	559	33.253	467
33.279	559	33.305	482
33.329	561	33.355	504
33.380	559	33.406	525
33.431	558	33.456	543
33.482	561	33.507	564
33.532	559	33.557	574
33.583	559	33.609	582
33.633	562	33.659	593
33.684	560	33.710	590
33.735	560	33.760	599
33.786	560	33.811	595
33.836	563	33.862	591
33.887	561	33.913	573
33.937	562	33.963	557
33.989	567	34.014	539
34.039	561	34.064	519
34.090	553	34.116	502
34.140	560	34.166	481
34.191	559	34.217	458
34.242	560	34.267	447
34.293	560	34.318	428
34.343	560	34.369	431
34.394	560	34.420	424
34.444	560	34.470	425
34.495	560	34.521	431
34.546	561	34.571	440
34.597	565	34.622	447
34.647	560	34.673	469
34.698	560	34.724	487
34.748	563	34.774	505
34.800	563	34.825	527
34.850	559	34.875	538
34.901	555	34.927	558
34.951	560	34.977	577
35.002	563	35.028	588
35.053	559	35.078	594
35.104	562	35.129	600
35.154	559	35.180	594
35.205	560	35.231	592
35.255	563	35.281	587
35.306	564	35.332	570
35.357	564	35.382	561
35.408	557	35.433	537
35.458	562	35.484	518
35.509	558	35.535	496
35.559	563	35.585	479
35.611	561	35.636	469
35.661	561	35.686	449
35.712	560	35.738	441
35.762	560	35.788	434
35.813	558	35.839	423
35.864	559	35.889	429
35.915	560	35.940	434
35.965	560	35.991	443
36.016	556	36.042	455
36.066	559	36.092	471
36.117	558	36.143	489
36.168	556	36.193	508
36.219	561	36.244	533
36.269	559	36.295	546
36.320	563	36.346	562
36.370	560	36.396	576
36.422	560	36.447	598
36.472	560	36.497	588
36.523	560	36.549	597
36.573	560	36.599	592
36.624	560	36.650	595
36.675	559	36.700	579
36.726	560	36.751	569
36.776	561	36.802	552
36.827	563	36.853	536
36.877	563	36.903	515
36.929	556	36.954	497
36.979	551	37.004	480
37.030	561	37.055	461
37.080	560	37.106	447
37.131	560	37.157	436
37.181	561	37.207	433
37.233	559	37.258	428
37.283	559	37.308	434
37.334	559	37.360	432
37.384	560	37.410	447
37.435	560	37.461	460
37.486	564	37.511	474
37.537	554	37.562	487
37.587	566	37.613	510
37.638	553	37.664	530
37.688	559	37.714	547
37.740	565	37.765	561
37.790	559	37.815	576
37.841	560	37.866	582
37.891	557	37.917	588
37.942	560	37.968	596
37.992	561	38.018	600
38.044	558	38.069	585
38.094	561	38.119	578
38.145	560	38.171	565
38.195	562	38.221	552
38.246	556	38.272	533
38.297	561	38.322	514
38.348	559	38.373	491
38.398	556	38.424	482
38.449	563	38.475	464
38.499	559	38.525	450
38.551	559	38.576	436
38.601	562	38.626	435
38.652	559	38.677	436
38.702	559	38.728	436
38.753	558	38.779	438
38.803	559	38.829	447
38.855	559	38.880	460
38.905	559	38.930	476
38.956	564	38.982	497
39.006	563	39.032	512
39.057	559	39.083	530
39.108	559	39.133	548
39.159	563	39.184	564
39.209	559	39.235	576
39.260	560	39.286	590
39.310	561	39.336	592
39.362	561	39.387	591
39.412	561	39.437	600
39.463	560	39.489	589
39.513	559	39.539	570
39.564	560	39.590	559
39.614	559	39.640	549
39.666	559	39.691	531
39.716	558	39.741	512
39.767	559	39.793	495
39.817	569	39.843	477
39.868	562	39.894	458
39.919	556	39.944	450
