#Creator: pendulumviewEventBuffer
#Creation time: Sat Apr 16 18:07:12 2011
#Time A	Pos A	Time B	Pos B
#[s]	[au]	[s]	[au]
0.026	579	0.051	462
0.076	581	0.102	459
0.127	581	0.153	463
0.177	581	0.203	473
0.229	582	0.254	462
0.279	580	0.304	465
0.330	579	0.355	461
0.380	580	0.406	460
0.431	581	0.457	466
0.481	577	0.507	463
0.533	580	0.558	464
0.583	579	0.608	463
0.634	575	0.660	464
0.684	578	0.710	474
0.735	579	0.761	475
0.787	580	0.811	491
0.837	580	0.862	500
0.888	582	0.913	524
0.938	582	0.964	550
0.989	581	1.014	573
1.040	581	1.065	589
1.091	585	1.115	611
1.141	580	1.167	627
1.192	580	1.217	642
1.242	579	1.268	653
1.293	575	1.318	662
1.344	582	1.369	659
1.395	578	1.419	652
1.445	580	1.471	646
1.496	584	1.521	632
1.546	578	1.572	616
1.598	581	1.622	594
1.648	580	1.673	566
1.699	580	1.724	553
1.749	580	1.775	537
1.800	580	1.825	510
1.851	581	1.876	496
1.902	581	1.926	481
1.952	581	1.978	474
2.003	583	2.028	465
2.053	579	2.079	470
2.104	579	2.129	469
2.155	571	2.180	475
2.206	576	2.230	493
2.256	582	2.282	506
2.307	580	2.332	529
2.357	581	2.383	546
2.409	581	2.433	569
2.459	580	2.484	596
2.510	582	2.535	610
2.560	580	2.586	632
2.611	580	2.636	636
2.662	583	2.687	650
2.713	579	2.737	655
2.763	579	2.789	655
2.814	580	2.839	652
2.864	582	2.890	643
2.915	581	2.940	633
2.966	581	2.991	612
3.017	579	3.041	595
3.067	580	3.093	570
3.118	577	3.143	555
3.168	581	3.194	530
3.220	579	3.244	516
3.270	583	3.295	491
3.321	581	3.346	484
3.371	582	3.397	472
3.422	580	3.447	468
3.473	583	3.498	468
3.524	583	3.548	472
3.574	588	3.600	482
3.625	577	3.650	496
3.675	580	3.701	511
3.727	582	3.751	531
3.777	584	3.802	551
3.828	582	3.853	572
3.878	581	3.904	594
3.929	581	3.955	611
3.979	581	4.005	629
4.031	580	4.056	642
4.081	584	4.106	650
4.132	583	4.158	652
4.182	584	4.208	652
4.233	582	4.259	649
4.284	584	4.309	640
4.335	583	4.360	629
4.385	580	4.411	608
4.436	574	4.462	587
4.486	581	4.512	565
4.538	582	4.563	553
4.588	581	4.613	528
4.639	581	4.664	508
4.689	581	4.715	494
4.740	580	4.766	479
4.790	581	4.816	477
4.842	580	4.867	468
4.892	575	4.917	474
4.943	583	4.969	476
4.993	578	5.019	486
5.044	584	5.070	499
5.095	577	5.120	516
5.146	584	5.171	533
5.196	587	5.222	553
5.247	580	5.273	574
5.297	579	5.323	595
5.349	581	5.374	619
5.399	581	5.424	623
5.450	581	5.475	639
5.500	581	5.526	648
5.551	585	5.577	652
5.601	581	5.627	651
5.653	585	5.678	646
5.703	586	5.728	637
5.754	582	5.780	623
5.804	586	5.830	609
5.855	576	5.881	589
5.906	576	5.931	567
5.957	578	5.982	548
6.007	583	6.033	535
6.058	583	6.084	511
6.108	581	6.134	494
6.160	579	6.185	484
6.210	581	6.235	479
6.261	583	6.287	472
6.311	581	6.337	473
6.362	583	6.388	479
6.412	583	6.438	491
6.464	576	6.489	501
6.514	574	6.539	519
6.565	577	6.591	538
6.615	579	6.641	552
6.666	582	6.692	577
6.717	581	6.742	595
6.768	580	6.793	609
6.818	574	6.844	621
6.869	581	6.895	632
6.919	580	6.945	642
6.971	579	6.996	653
7.021	587	7.046	652
7.072	584	7.098	647
7.122	578	7.148	634
7.173	582	7.199	621
7.223	586	7.249	605
7.275	587	7.300	585
7.325	582	7.350	572
7.376	581	7.402	542
7.426	582	7.452	530
7.477	582	7.503	511
7.528	580	7.553	496
7.579	582	7.604	481
7.629	581	7.655	481
7.680	581	7.706	467
7.730	582	7.756	478
7.782	580	7.807	479
7.832	580	7.857	493
7.883	581	7.909	503
7.933	579	7.959	519
7.984	580	8.010	539
8.034	574	8.060	559
8.086	584	8.111	578
8.136	581	8.161	594
8.187	580	8.213	609
8.237	580	8.263	627
8.288	581	8.314	640
8.339	581	8.364	651
8.390	583	8.415	643
8.440	581	8.466	648
8.491	581	8.517	638
8.541	581	8.567	630
8.593	582	8.618	618
8.643	582	8.668	603
8.694	583	8.720	583
8.744	585	8.770	564
8.795	579	8.821	547
8.845	583	8.871	524
8.897	580	8.922	510
8.947	581	8.972	496
8.998	580	9.024	482
9.048	581	9.074	474
9.099	579	9.125	472
9.150	583	9.175	478
9.201	580	9.226	483
9.251	579	9.277	493
9.302	582	9.328	507
9.352	579	9.378	527
9.404	581	9.429	541
9.454	582	9.479	559
9.505	578	9.531	576
9.555	576	9.581	597
9.606	583	9.632	613
9.656	581	9.682	622
9.708	582	9.733	641
9.758	581	9.783	648
9.809	583	9.835	640
9.859	580	9.885	643
9.910	582	9.936	637
9.961	579	9.986	629
10.012	580	10.037	615
10.063	579	10.088	599
10.113	582	10.139	581
10.164	581	10.189	562
10.215	582	10.240	542
10.266	582	10.290	525
10.316	583	10.342	510
10.367	582	10.392	496
10.417	582	10.443	483
10.469	583	10.493	478
10.519	580	10.544	476
10.570	580	10.594	478
10.620	579	10.646	489
10.671	581	10.696	496
10.721	581	10.747	510
10.773	585	10.797	525
10.823	582	10.848	544
10.874	585	10.899	560
10.924	573	10.950	581
10.975	582	11.000	598
11.026	581	11.051	615
11.077	582	11.101	627
11.127	581	11.153	637
11.178	581	11.203	647
11.228	581	11.254	647
11.280	582	11.304	644
11.330	582	11.355	631
11.381	583	11.405	628
11.431	588	11.457	613
11.482	581	11.507	597
11.532	585	11.558	579
11.584	579	11.608	560
11.634	580	11.659	540
11.685	581	11.710	523
11.735	581	11.761	508
11.786	580	11.811	495
11.837	579	11.862	488
11.888	580	11.912	474
11.938	580	11.964	486
11.989	580	12.014	481
12.039	579	12.065	489
12.091	580	12.115	499
12.141	580	12.166	512
12.192	582	12.216	528
12.242	580	12.268	544
12.293	574	12.318	568
12.343	579	12.369	582
12.395	584	12.419	599
12.445	578	12.470	614
12.496	581	12.521	628
12.546	582	12.572	634
12.597	581	12.622	645
12.648	582	12.673	647
12.699	580	12.723	646
12.749	581	12.775	636
12.800	582	12.825	621
12.850	581	12.876	610
12.902	581	12.926	594
12.952	584	12.977	578
13.003	579	13.027	558
13.053	575	13.079	541
13.104	575	13.130	524
13.154	577	13.180	508
13.206	580	13.231	496
13.256	580	13.281	483
13.307	580	13.333	485
13.357	580	13.383	483
13.408	580	13.434	485
13.459	580	13.484	496
13.510	586	13.535	502
13.560	580	13.586	509
13.611	580	13.637	532
13.661	581	13.687	549
13.713	581	13.738	566
13.763	579	13.788	583
13.814	580	13.840	600
13.864	582	13.890	614
13.915	587	13.941	626
13.965	582	13.991	635
14.017	583	14.042	647
14.067	582	14.092	642
14.118	579	14.144	642
14.168	582	14.194	635
14.219	587	14.245	614
14.270	580	14.295	607
14.321	581	14.346	592
14.371	578	14.397	575
14.422	581	14.448	557
14.472	587	14.498	540
14.524	574	14.549	524
14.574	581	14.599	509
14.625	578	14.651	496
14.675	583	14.701	488
14.726	580	14.752	485
14.776	581	14.802	485
14.828	580	14.853	483
14.878	580	14.903	493
14.929	581	14.955	502
14.979	579	15.005	519
15.030	580	15.056	538
15.081	581	15.106	554
15.132	579	15.157	571
15.182	580	15.208	585
15.233	574	15.259	603
15.283	592	15.309	615
15.335	577	15.360	627
15.385	582	15.410	635
15.436	584	15.462	640
15.486	581	15.512	641
15.537	581	15.563	633
15.587	581	15.613	623
15.639	583	15.664	616
15.689	580	15.714	600
15.740	581	15.766	589
15.790	578	15.816	573
15.841	575	15.867	555
15.892	570	15.917	538
15.943	583	15.968	523
15.993	581	16.019	508
16.044	577	16.070	497
16.094	585	16.120	491
16.146	576	16.171	483
16.196	579	16.221	483
16.247	581	16.273	483
16.297	581	16.323	500
16.348	581	16.374	507
16.399	581	16.424	525
16.450	579	16.475	529
16.500	579	16.525	552
16.551	581	16.577	569
16.601	582	16.627	586
16.652	579	16.678	602
16.703	587	16.728	614
16.754	582	16.779	626
16.804	581	16.830	633
16.855	580	16.881	637
16.905	578	16.931	635
16.957	579	16.982	636
17.007	576	17.032	622
17.058	580	17.084	618
17.108	582	17.134	607
17.159	582	17.185	585
17.210	581	17.235	572
17.261	582	17.286	556
17.311	577	17.336	534
17.362	578	17.388	518
17.412	584	17.438	508
17.463	585	17.489	497
17.514	584	17.539	491
17.565	584	17.590	487
17.616	583	17.641	487
17.666	581	17.692	492
17.717	587	17.742	501
17.768	581	17.793	505
17.819	577	17.843	521
17.869	579	17.895	531
17.920	585	17.945	555
17.970	581	17.996	566
18.022	581	18.046	585
18.072	581	18.097	601
18.123	579	18.147	615
18.173	578	18.199	625
18.224	585	18.249	633
18.274	579	18.300	637
18.326	581	18.350	635
18.376	580	18.401	632
18.427	580	18.452	620
18.477	582	18.503	613
18.528	581	18.553	594
18.579	581	18.604	588
18.630	580	18.654	565
18.680	578	18.706	556
18.731	581	18.756	538
18.781	580	18.807	520
18.833	584	18.857	513
18.883	584	18.908	499
18.934	579	18.959	491
18.984	587	19.010	488
19.035	580	19.060	489
19.085	578	19.111	492
19.137	584	19.161	499
19.187	580	19.212	511
19.238	581	19.263	524
19.288	581	19.314	540
19.339	581	19.364	548
19.390	581	19.415	572
19.441	581	19.465	588
19.491	582	19.517	602
19.542	581	19.567	615
19.592	585	19.618	629
19.644	579	19.668	632
19.694	588	19.719	635
19.745	583	19.770	635
19.795	586	19.821	630
19.846	586	19.871	628
19.896	583	19.922	616
19.948	582	19.972	604
19.998	582	20.023	584
20.049	580	20.074	562
20.099	579	20.125	546
20.150	580	20.175	535
20.201	580	20.226	516
20.252	582	20.276	509
20.302	581	20.328	499
20.353	571	20.378	492
20.403	588	20.429	494
20.455	580	20.479	484
20.505	580	20.530	496
20.556	577	20.581	502
20.606	581	20.632	510
20.657	583	20.683	527
20.707	580	20.733	535
20.759	580	20.784	557
20.809	581	20.834	575
20.860	581	20.886	591
20.910	583	20.936	606
20.961	581	20.987	615
21.012	583	21.037	625
21.063	579	21.088	631
21.113	581	21.139	634
21.164	584	21.190	632
21.214	583	21.240	629
21.266	585	21.291	620
21.316	576	21.341	610
21.367	582	21.393	599
21.417	579	21.443	587
21.468	580	21.494	560
21.519	581	21.544	546
21.570	580	21.595	533
21.620	581	21.645	524
21.671	581	21.697	509
21.721	578	21.747	500
21.772	578	21.798	493
21.823	578	21.848	490
21.874	583	21.899	491
21.924	574	21.950	497
21.975	580	22.001	506
22.025	576	22.051	515
22.077	580	22.102	525
22.127	580	22.152	542
22.178	580	22.204	555
22.228	579	22.254	584
22.279	581	22.305	595
22.330	580	22.355	602
22.381	585	22.406	616
22.431	578	22.456	623
22.482	579	22.508	630
22.532	579	22.558	631
22.583	583	22.609	630
22.634	580	22.659	626
22.685	581	22.710	618
22.735	580	22.761	608
22.786	580	22.812	593
22.836	587	22.862	576
22.888	578	22.913	564
22.938	581	22.963	547
22.989	581	23.015	531
23.039	580	23.065	520
23.090	580	23.116	507
23.141	581	23.166	500
23.192	578	23.217	495
23.242	578	23.267	489
23.293	577	23.319	493
23.343	581	23.369	499
23.394	580	23.420	508
23.445	580	23.470	517
23.496	582	23.521	531
23.546	580	23.572	538
23.597	580	23.623	560
23.647	581	23.673	574
23.699	582	23.724	594
23.749	581	23.774	603
23.800	581	23.826	615
23.850	581	23.876	622
23.901	580	23.927	627
23.952	580	23.977	631
24.003	580	24.028	629
24.053	581	24.079	629
24.104	587	24.130	617
24.154	579	24.180	605
24.205	580	24.231	591
24.256	581	24.281	576
24.307	581	24.332	562
24.358	579	24.383	551
24.408	580	24.434	532
24.459	580	24.484	518
24.510	579	24.535	502
24.561	580	24.585	503
24.611	579	24.637	496
24.662	580	24.687	494
24.712	580	24.738	497
24.764	579	24.788	501
24.814	582	24.839	510
24.865	576	24.890	519
24.915	580	24.941	533
24.966	578	24.991	548
25.016	582	25.042	559
25.068	580	25.092	577
25.118	579	25.143	591
25.169	580	25.194	602
25.219	580	25.245	611
25.270	582	25.295	629
25.321	580	25.346	626
25.372	581	25.396	629
25.422	581	25.448	626
25.473	582	25.498	621
25.523	587	25.549	612
25.575	579	25.599	602
25.625	580	25.650	590
25.676	572	25.701	581
25.726	580	25.752	567
25.777	579	25.802	547
25.827	580	25.853	527
25.879	581	25.903	518
25.929	582	25.954	511
25.980	577	26.005	503
26.030	573	26.056	505
26.081	580	26.106	496
26.132	580	26.157	496
26.183	577	26.207	502
26.233	578	26.259	512
26.284	578	26.309	524
26.334	571	26.360	542
26.386	579	26.410	549
26.436	580	26.461	562
26.487	581	26.512	579
26.537	576	26.563	584
26.588	582	26.613	607
26.639	580	26.664	614
26.690	581	26.714	622
26.740	582	26.765	624
26.791	582	26.816	630
26.841	581	26.867	625
26.892	578	26.917	618
26.943	581	26.968	612
26.994	579	27.018	601
27.044	576	27.070	590
27.095	580	27.120	574
27.145	574	27.171	563
27.197	578	27.221	544
27.247	578	27.272	541
27.298	582	27.323	520
27.348	580	27.374	508
27.399	580	27.425	501
27.450	580	27.475	499
27.501	581	27.526	496
27.551	578	27.576	501
27.602	582	27.628	502
27.652	577	27.678	514
27.703	580	27.729	525
27.754	580	27.779	536
27.805	580	27.830	551
27.855	583	27.881	568
27.906	581	27.932	580
27.956	580	27.982	590
28.008	580	28.033	604
28.058	581	28.083	610
28.109	581	28.135	611
28.159	580	28.185	624
28.210	581	28.236	625
28.261	582	28.286	627
28.312	582	28.337	614
28.362	580	28.387	608
28.413	583	28.439	598
28.463	580	28.489	585
28.514	583	28.540	573
28.565	583	28.590	558
28.616	578	28.641	544
28.666	581	28.692	534
28.717	580	28.743	516
28.767	580	28.793	513
28.819	580	28.844	506
28.869	579	28.894	491
28.920	579	28.946	495
28.970	580	28.996	502
29.021	581	29.047	509
29.072	579	29.097	518
29.123	580	29.148	527
29.173	579	29.199	540
29.224	582	29.250	552
29.274	581	29.300	565
29.325	584	29.351	579
29.376	581	29.401	593
29.427	579	29.452	602
29.477	580	29.503	617
29.528	576	29.554	618
