#Creator: pendulumviewEventBuffer
#Creation time: Sat Apr 16 18:07:12 2011
#Time A	Pos A	Time B	Pos B
#[s]	[au]	[s]	[au]
0.025	577	0.050	473
0.075	586	0.101	464
0.127	575	0.151	497
0.177	588	0.202	474
0.228	575	0.253	471
0.278	590	0.304	456
0.329	580	0.354	464
0.380	581	0.405	450
0.431	580	0.455	476
0.481	580	0.507	475
0.532	580	0.557	494
0.582	581	0.608	451
0.634	588	0.658	455
0.684	578	0.709	469
0.735	583	0.759	467
0.785	588	0.811	470
0.836	580	0.862	467
0.886	571	0.912	469
0.938	572	0.963	470
0.988	593	1.013	466
1.039	589	1.065	474
1.089	583	1.115	474
1.140	581	1.166	465
1.191	581	1.216	465
1.242	581	1.267	466
1.292	581	1.318	477
1.343	586	1.369	476
1.393	580	1.419	494
1.445	584	1.470	508
1.495	581	1.520	527
1.546	579	1.572	546
1.596	584	1.622	559
1.647	581	1.673	585
1.697	579	1.723	602
1.749	585	1.774	623
1.799	579	1.824	632
1.850	582	1.876	641
1.900	585	1.926	650
1.951	582	1.977	647
2.002	581	2.027	652
2.053	581	2.078	634
2.103	581	2.129	631
2.154	580	2.180	615
2.204	581	2.230	595
2.256	579	2.281	579
2.306	576	2.331	555
2.357	587	2.383	534
2.407	578	2.433	518
2.458	583	2.484	500
2.508	584	2.534	487
2.560	581	2.585	475
2.610	582	2.635	472
2.661	586	2.687	469
2.711	580	2.737	481
2.762	582	2.788	476
2.813	580	2.838	498
2.864	580	2.889	516
2.914	580	2.940	529
2.965	580	2.991	550
3.015	579	3.041	567
3.067	584	3.092	587
3.117	574	3.142	606
3.168	586	3.194	621
3.218	576	3.244	635
3.269	575	3.295	645
3.319	585	3.345	648
3.371	581	3.396	649
3.421	581	3.446	645
3.472	580	3.498	641
3.522	583	3.548	630
3.573	581	3.599	612
3.624	580	3.649	596
3.675	586	3.700	573
3.725	577	3.751	554
3.776	586	3.802	527
3.826	584	3.852	516
3.878	582	3.903	502
3.928	588	3.953	488
3.979	576	4.005	479
4.029	587	4.055	474
4.080	578	4.106	475
4.130	578	4.156	476
4.182	583	4.207	489
4.232	580	4.257	497
4.283	584	4.309	512
4.333	580	4.359	536
4.384	580	4.410	546
4.435	577	4.460	577
4.486	578	4.511	588
4.536	580	4.562	605
4.587	580	4.613	623
4.637	580	4.663	636
4.689	581	4.714	643
4.739	579	4.764	648
4.790	584	4.816	648
4.840	582	4.866	644
4.891	581	4.917	635
4.941	580	4.967	622
4.993	580	5.018	604
5.043	582	5.068	597
5.094	582	5.120	575
5.144	580	5.170	553
5.195	580	5.221	535
5.246	581	5.271	515
5.297	584	5.322	501
5.348	572	5.373	487
5.398	573	5.424	479
5.449	572	5.474	475
5.500	580	5.525	479
5.551	578	5.575	480
5.601	582	5.627	493
5.652	581	5.677	501
5.702	581	5.728	515
5.754	580	5.778	533
5.804	581	5.829	548
5.855	580	5.879	569
5.905	578	5.931	594
5.956	583	5.981	608
6.006	584	6.032	623
6.058	586	6.082	635
6.108	581	6.133	642
6.159	584	6.184	645
6.209	581	6.235	646
6.260	583	6.285	640
6.311	582	6.336	632
6.362	585	6.386	621
6.412	582	6.438	611
6.463	581	6.488	587
6.513	581	6.539	570
6.565	584	6.589	558
6.615	581	6.640	529
6.666	581	6.690	511
6.716	579	6.742	503
6.767	581	6.792	492
6.817	577	6.843	481
6.869	581	6.893	478
6.919	576	6.944	475
6.970	578	6.995	484
7.020	576	7.046	494
7.071	582	7.096	503
7.122	579	7.147	522
7.173	581	7.197	536
7.223	574	7.249	551
7.274	580	7.299	574
7.324	580	7.350	593
7.376	581	7.400	609
7.426	582	7.451	622
7.477	577	7.501	632
7.527	580	7.553	641
7.578	581	7.603	644
7.628	583	7.654	644
7.680	580	7.704	639
7.730	581	7.755	630
7.781	574	7.806	616
7.831	584	7.857	600
7.882	582	7.907	579
7.933	582	7.958	567
7.984	580	8.008	548
8.034	581	8.060	536
8.085	579	8.110	511
8.135	580	8.161	502
8.187	581	8.211	478
8.237	580	8.262	481
8.288	580	8.312	479
8.338	583	8.364	477
8.389	585	8.415	485
8.439	582	8.465	492
8.491	580	8.516	507
8.541	578	8.566	522
8.592	584	8.618	540
8.642	581	8.668	564
8.693	581	8.719	577
8.744	581	8.769	592
8.795	581	8.820	605
8.845	580	8.871	623
8.896	581	8.922	631
8.946	580	8.972	640
8.998	582	9.023	643
9.048	581	9.073	641
9.099	581	9.125	635
9.149	577	9.175	627
9.200	582	9.226	614
9.250	579	9.276	600
9.302	579	9.327	582
9.352	581	9.377	563
9.403	581	9.429	546
9.453	582	9.479	531
9.504	581	9.530	520
9.555	581	9.580	494
9.606	580	9.631	494
9.656	582	9.682	489
9.707	580	9.733	478
9.757	580	9.783	482
9.809	581	9.834	488
9.859	579	9.884	496
9.910	583	9.936	508
9.960	580	9.986	525
10.011	581	10.037	544
10.061	580	10.087	559
10.113	580	10.138	578
10.163	580	10.188	599
10.214	581	10.240	608
10.264	580	10.290	624
10.315	580	10.341	630
10.366	581	10.391	633
10.417	580	10.442	641
10.467	583	10.493	640
10.518	589	10.544	631
10.568	582	10.594	623
10.620	583	10.645	614
10.670	579	10.695	597
10.721	583	10.747	581
10.771	576	10.797	563
10.822	588	10.848	546
10.872	578	10.898	529
10.924	588	10.949	515
10.974	580	10.999	501
11.025	581	11.051	489
11.075	580	11.101	482
11.126	580	11.152	480
11.177	585	11.202	483
11.228	580	11.253	485
11.278	583	11.304	499
11.329	584	11.355	511
11.379	580	11.405	526
11.431	578	11.456	544
11.481	576	11.506	561
11.532	572	11.558	576
11.582	578	11.608	595
11.633	576	11.659	609
11.684	578	11.709	623
11.735	581	11.760	635
11.785	581	11.810	637
11.836	580	11.862	640
11.886	582	11.912	635
11.937	585	11.963	629
11.988	581	12.013	623
12.039	581	12.064	616
12.089	579	12.115	597
12.140	579	12.166	578
12.190	578	12.216	561
12.242	575	12.267	543
12.292	579	12.317	527
12.343	580	12.369	512
12.393	581	12.419	501
12.444	579	12.470	491
12.495	581	12.520	491
12.546	581	12.571	485
12.596	580	12.621	485
12.647	580	12.673	495
12.697	580	12.723	499
12.748	579	12.774	512
12.799	581	12.824	531
12.850	583	12.875	545
12.901	578	12.926	563
12.951	580	12.977	580
13.002	575	13.027	597
13.053	580	13.078	610
13.104	582	13.128	616
13.154	581	13.180	632
13.205	582	13.230	635
13.255	581	13.281	638
13.307	582	13.331	631
13.357	580	13.382	629
13.408	581	13.432	619
13.458	581	13.484	611
13.509	586	13.534	595
13.559	585	13.585	575
13.611	582	13.635	559
13.661	583	13.686	543
13.712	581	13.737	527
13.762	582	13.788	513
13.813	578	13.838	502
13.864	577	13.889	493
13.915	580	13.939	487
13.965	580	13.991	482
14.016	580	14.041	490
14.066	581	14.092	495
14.118	580	14.142	502
14.168	582	14.193	520
14.219	581	14.244	530
14.269	574	14.295	548
14.320	580	14.345	564
14.370	580	14.396	581
14.422	580	14.446	597
14.472	587	14.497	611
14.523	585	14.548	622
14.573	586	14.599	631
14.624	574	14.649	634
14.675	581	14.700	635
14.726	580	14.750	633
14.776	581	14.802	629
14.827	581	14.852	618
14.877	581	14.903	604
14.929	581	14.953	587
14.979	581	15.004	579
15.030	581	15.055	557
15.080	579	15.106	542
15.131	582	15.156	528
15.181	580	15.207	513
15.233	579	15.257	501
15.283	583	15.308	493
15.334	589	15.359	489
15.384	579	15.410	488
15.435	581	15.460	492
15.486	580	15.511	497
15.537	581	15.561	505
15.587	579	15.613	524
15.638	581	15.663	534
15.688	576	15.714	542
15.740	580	15.764	564
15.790	581	15.815	585
15.841	582	15.866	597
15.891	576	15.917	611
15.942	586	15.968	623
15.992	585	16.018	629
16.044	574	16.069	634
16.094	585	16.119	634
16.145	583	16.171	636
16.195	581	16.221	627
16.246	581	16.272	609
16.297	580	16.322	601
16.348	581	16.373	589
16.398	580	16.424	565
16.449	582	16.475	560
16.499	582	16.525	539
16.551	580	16.576	522
16.601	581	16.626	512
16.652	582	16.678	502
16.702	578	16.728	493
16.753	578	16.779	490
16.804	577	16.829	489
16.855	583	16.880	494
16.905	582	16.930	498
16.956	582	16.982	510
17.006	580	17.032	519
17.057	581	17.083	533
17.108	580	17.133	547
17.159	581	17.184	563
17.209	580	17.235	583
17.260	581	17.286	600
17.310	582	17.336	611
17.362	579	17.387	620
17.412	581	17.437	628
17.463	583	17.489	635
17.513	584	17.539	633
17.564	579	17.590	630
17.615	577	17.640	621
17.666	580	17.691	612
17.716	580	17.741	601
17.767	578	17.793	586
17.817	578	17.843	563
17.868	579	17.894	546
17.919	581	17.944	534
17.970	580	17.995	523
18.020	581	18.046	512
18.071	580	18.097	500
18.121	580	18.147	495
18.173	582	18.198	492
18.223	583	18.248	493
18.274	582	18.300	497
18.324	581	18.350	502
18.375	581	18.401	512
18.426	578	18.451	525
18.477	579	18.502	537
18.527	582	18.552	553
18.578	581	18.604	568
18.628	584	18.654	594
18.679	583	18.705	605
18.730	580	18.755	610
18.781	583	18.806	622
18.831	580	18.857	626
18.882	580	18.908	624
18.932	581	18.958	629
18.984	579	19.009	628
19.034	578	19.059	620
19.085	585	19.111	614
19.135	581	19.161	598
19.186	580	19.212	585
19.237	578	19.262	564
19.288	581	19.313	554
19.338	584	19.364	537
19.389	580	19.415	523
19.439	580	19.465	508
19.490	580	19.516	499
19.541	581	19.566	494
19.592	581	19.617	495
19.643	581	19.668	493
19.693	580	19.719	494
19.744	577	19.769	504
19.795	579	19.820	515
19.846	574	19.870	534
19.896	581	19.922	541
19.947	576	19.972	550
19.997	579	20.023	570
20.049	580	20.073	582
20.099	580	20.124	600
20.150	584	20.175	619
20.200	581	20.226	624
20.251	580	20.276	625
20.301	580	20.327	629
20.353	580	20.377	629
20.403	581	20.428	634
20.454	579	20.479	618
20.504	581	20.530	609
20.555	587	20.580	596
20.606	578	20.631	580
20.657	585	20.681	567
20.707	584	20.733	552
20.758	581	20.783	542
20.808	581	20.834	523
20.860	582	20.884	518
20.910	580	20.935	503
20.961	580	20.986	495
21.011	581	21.037	496
21.062	580	21.087	489
21.112	574	21.138	492
21.164	579	21.188	498
21.214	581	21.239	515
21.265	578	21.290	532
21.315	582	21.341	542
21.366	580	21.391	558
21.417	579	21.442	573
21.468	579	21.492	587
21.518	581	21.544	602
21.569	578	21.594	612
21.619	583	21.645	620
21.671	581	21.695	626
21.721	581	21.746	638
21.772	579	21.797	631
21.822	588	21.848	629
21.873	581	21.898	618
21.924	580	21.949	609
21.975	582	21.999	594
22.025	580	22.050	580
22.076	580	22.101	567
22.126	585	22.152	550
22.177	575	22.202	537
22.228	582	22.253	524
22.279	582	22.303	513
22.329	583	22.355	503
22.380	581	22.405	502
22.430	583	22.456	497
22.482	581	22.506	496
22.532	577	22.557	507
22.583	581	22.608	508
22.633	577	22.659	518
22.684	575	22.710	531
22.735	579	22.760	543
22.786	580	22.811	559
22.836	581	22.861	572
22.887	585	22.913	588
22.937	579	22.963	602
22.988	580	23.014	610
23.039	578	23.064	620
23.090	579	23.115	625
23.140	580	23.166	628
23.191	575	23.217	625
23.241	581	23.267	618
