#Creator: pendulumEventBuffer
#Creation time: Thu Mar 20 14:45:03 2025
#Time	Period	Transit time
#[s]	[s]	[s]
3.392024	2.155742	0.028224
4.469885	2.155694	0.028326
5.547718	2.155641	0.028416
6.625526	2.155600	0.028504
7.703318	2.155562	0.028604
8.781088	2.155531	0.028692
9.858849	2.155468	0.028778
10.936556	2.155396	0.028868
12.014245	2.155343	0.028966
13.091899	2.155334	0.029062
14.169579	2.155313	0.029158
15.247212	2.155166	0.029256
16.324745	2.155111	0.029354
17.402323	2.155145	0.029450
18.479890	2.155119	0.029544
19.557442	2.155057	0.029644
20.634947	2.154991	0.029746
21.712433	2.154942	0.029842
22.789889	2.154921	0.029934
23.867354	2.154905	0.030032
24.944794	2.154865	0.030128
26.022219	2.154841	0.030226
27.099635	2.154832	0.030326
28.177051	2.154800	0.030430
29.254435	2.154754	0.030534
30.331805	2.154725	0.030630
31.409160	2.154692	0.030732
32.486497	2.154654	0.030838
33.563814	2.154621	0.030940
34.641118	2.154588	0.031048
35.718402	2.154561	0.031152
36.795679	2.154544	0.031254
37.872946	2.154505	0.031360
38.950184	2.154466	0.031464
40.027412	2.154447	0.031572
41.104631	2.154421	0.031682
42.181833	2.154393	0.031790
43.259024	2.154364	0.031896
44.336197	2.154335	0.032002
45.413359	2.154299	0.032110
46.490496	2.154264	0.032220
47.567623	2.154241	0.032330
48.644737	2.154215	0.032438
49.721838	2.154195	0.032552
50.798932	2.154148	0.032672
51.875986	2.154091	0.032784
52.953023	2.154057	0.032894
54.030043	2.154012	0.033010
55.107035	2.153967	0.033126
56.184010	2.153937	0.033244
57.260972	2.153907	0.033364
58.337917	2.153867	0.033478
59.414839	2.153855	0.033598
60.491772	2.153840	0.033720
61.568679	2.153799	0.033834
62.645571	2.153779	0.033954
63.722458	2.153756	0.034080
64.799327	2.153713	0.034206
65.876171	2.153685	0.034326
66.953012	2.153658	0.034452
68.029829	2.153626	0.034578
69.106638	2.153595	0.034700
70.183424	2.153560	0.034824
71.260198	2.153525	0.034952
72.336949	2.153478	0.035074
73.413676	2.153443	0.035208
74.490392	2.153412	0.035336
75.567088	2.153373	0.035464
76.643765	2.153331	0.035602
77.720419	2.153300	0.035738
78.797065	2.153240	0.035874
79.873659	2.153132	0.036006
80.950197	2.153050	0.036138
82.026709	2.153005	0.036270
83.103202	2.152782	0.036396
84.179491	2.152583	0.036502
85.255785	2.152581	0.036622
86.332072	2.152554	0.036724
87.408339	2.152514	0.036826
88.484586	2.152482	0.036932
89.560821	2.152395	0.037038
90.636981	2.152306	0.037138
91.713127	2.152287	0.037234
92.789268	2.152263	0.037336
93.865390	2.152201	0.037436
94.941469	2.152143	0.037526
96.017533	2.152155	0.037622
97.093624	2.152094	0.037720
98.169627	2.152059	0.037814
99.245683	2.152093	0.037910
100.321720	2.152049	0.038004
101.397732	2.152039	0.038100
102.473759	2.152010	0.038198
103.549742	2.151959	0.038292
104.625718	2.151941	0.038392
105.701683	2.151906	0.038486
106.777624	2.151872	0.038584
107.853555	2.151867	0.038678
108.929491	2.151854	0.038774
110.005409	2.151848	0.038878
111.081339	2.151833	0.038974
112.157242	2.151803	0.039072
113.233142	2.151785	0.039172
114.309027	2.151751	0.039274
115.384893	2.151717	0.039370
116.460744	2.151699	0.039472
117.536592	2.151687	0.039580
118.612431	2.151678	0.039678
119.688270	2.151671	0.039772
120.764102	2.151653	0.039872
121.839923	2.151627	0.039974
122.915729	2.151624	0.040074
123.991547	2.151596	0.040174
125.067325	2.151566	0.040278
126.143113	2.151564	0.040378
127.218889	2.151544	0.040482
128.294657	2.151521	0.040586
129.370410	2.151499	0.040684
130.446156	2.151488	0.040788
131.521898	2.151475	0.040892
132.597631	2.151460	0.040998
133.673358	2.151439	0.041100
134.749070	2.151427	0.041200
135.824785	2.151404	0.041306
136.900474	2.151380	0.041408
137.976165	2.151376	0.041510
139.051850	2.151350	0.041616
140.127515	2.151319	0.041710
141.203169	2.151314	0.041806
142.278829	2.151304	0.041918
143.354473	2.151270	0.042034
144.430099	2.151246	0.042142
145.505719	2.151215	0.042246
146.581314	2.151194	0.042356
147.656913	2.151188	0.042470
148.732502	2.151127	0.042576
149.808040	2.151090	0.042676
150.883592	2.151019	0.042784
151.959059	2.150933	0.042890
153.034525	2.150929	0.042994
154.109988	2.150899	0.043100
155.185424	2.150857	0.043196
156.260845	2.150862	0.043294
157.336286	2.150852	0.043396
158.411697	2.150820	0.043502
159.487106	2.150814	0.043608
160.562511	2.150794	0.043714
161.637900	2.150790	0.043816
162.713301	2.150790	0.043922
163.788690	2.150771	0.044028
164.864072	2.150767	0.044128
165.939457	2.150736	0.044238
167.014808	2.150750	0.044344
168.090207	2.150738	0.044450
169.165546	2.150685	0.044556
170.240892	2.150692	0.044656
171.316238	2.150687	0.044764
172.391579	2.150701	0.044878
173.466939	2.150673	0.044986
174.542252	2.150603	0.045092
175.617542	2.150624	0.045200
176.692876	2.150649	0.045312
177.768191	2.150613	0.045422
178.843489	2.150591	0.045530
179.918782	2.150579	0.045640
180.994068	2.150555	0.045756
182.069337	2.150559	0.045870
183.144627	2.150545	0.045978
184.219882	2.150521	0.046088
185.295148	2.150500	0.046200
186.370382	2.150480	0.046312
187.445628	2.150482	0.046428
188.520864	2.150467	0.046548
189.596095	2.150430	0.046666
190.671294	2.150419	0.046768
191.746514	2.150409	0.046872
192.821703	2.150391	0.046994
193.896905	2.150267	0.047118
194.971970	2.150111	0.047220
196.047016	2.150096	0.047320
197.122066	2.150124	0.047424
198.197140	2.150121	0.047532
199.272187	2.150078	0.047642
200.347218	2.150066	0.047752
201.422253	2.150036	0.047858
202.497254	2.150002	0.047956
203.572255	2.149998	0.048058
204.647252	2.149993	0.048164
205.722248	2.149948	0.048272
206.797200	2.149942	0.048376
207.872190	2.149984	0.048484
208.947184	2.149947	0.048596
210.022137	2.149932	0.048702
211.097116	2.149934	0.048804
212.172071	2.149914	0.048914
213.247030	2.149902	0.049020
214.321973	2.149888	0.049122
215.396918	2.149871	0.049236
216.471844	2.149871	0.049344
217.546789	2.149854	0.049454
218.621698	2.149847	0.049564
219.696636	2.149846	0.049664
220.771544	2.149822	0.049772
221.846458	2.149822	0.049884
222.921366	2.149829	0.049992
223.996287	2.149812	0.050102
225.071178	2.149792	0.050216
226.146079	2.149811	0.050330
227.220989	2.149795	0.050434
228.295874	2.149781	0.050540
229.370770	2.149788	0.050656
230.445662	2.149771	0.050772
231.520541	2.149752	0.050886
232.595414	2.149748	0.050996
233.670289	2.149738	0.051106
234.745152	2.149732	0.051224
235.820021	2.149732	0.051338
236.894884	2.149704	0.051452
237.969725	2.149716	0.051566
239.044600	2.149687	0.051680
240.119412	2.149691	0.051796
241.194291	2.149720	0.051906
242.269132	2.149678	0.052024
243.343969	2.149689	0.052142
244.418821	2.149679	0.052254
245.493648	2.149651	0.052376
246.568472	2.149653	0.052496
247.643301	2.149646	0.052610
248.718118	2.149643	0.052724
249.792944	2.149637	0.052844
250.867755	2.149622	0.052966
251.942566	2.149608	0.053088
253.017363	2.149602	0.053214
254.092168	2.149595	0.053332
255.166958	2.149584	0.053448
256.241752	2.149579	0.053568
257.316537	2.149559	0.053690
258.391311	2.149583	0.053814
259.466120	2.149551	0.053936
260.540862	2.149522	0.054060
261.615642	2.149540	0.054188
262.690402	2.149536	0.054304
263.765178	2.149546	0.054428
264.839948	2.149522	0.054556
265.914700	2.149505	0.054672
266.989453	2.149526	0.054798
268.064226	2.149528	0.054924
269.138981	2.149506	0.055046
270.213732	2.149501	0.055172
271.288482	2.149482	0.055300
272.363214	2.149489	0.055436
273.437971	2.149487	0.055562
274.512701	2.149449	0.055678
275.587420	2.149434	0.055808
276.662135	2.149440	0.055934
277.736860	2.149450	0.056064
278.811585	2.149446	0.056194
279.886306	2.149435	0.056320
280.961020	2.149427	0.056452
282.035733	2.149424	0.056578
283.110444	2.149423	0.056704
284.185156	2.149399	0.056836
285.259843	2.149420	0.056966
286.334576	2.149424	0.057100
287.409267	2.149381	0.057234
288.483957	2.149376	0.057362
289.558643	2.149371	0.057494
290.633328	2.149365	0.057632
291.708008	2.149369	0.057768
292.782697	2.149369	0.057902
293.857377	2.149361	0.058034
294.932058	2.149362	0.058168
296.006739	2.149353	0.058310
297.081411	2.149342	0.058442
298.156081	2.149342	0.058570
299.230753	2.149340	0.058710
300.305421	2.149334	0.058850
301.380087	2.149308	0.058978
302.454729	2.149305	0.059114
303.529392	2.149316	0.059260
304.604045	2.149311	0.059394
305.678703	2.149306	0.059534
306.753351	2.149299	0.059674
307.828002	2.149296	0.059808
308.902647	2.149292	0.059950
309.977294	2.149294	0.060100
311.051941	2.149266	0.060242
312.126560	2.149226	0.060376
313.201167	2.149235	0.060518
314.275795	2.149266	0.060666
315.350433	2.149267	0.060814
316.425062	2.149261	0.060956
317.499694	2.149243	0.061096
318.574305	2.149232	0.061238
319.648926	2.149246	0.061392
320.723551	2.149223	0.061546
321.798149	2.149220	0.061698
322.872771	2.149206	0.061842
323.947355	2.149173	0.061982
325.021944	2.149176	0.062136
326.096531	2.149188	0.062294
327.171132	2.149194	0.062444
328.245725	2.149183	0.062594
329.320315	2.149190	0.062746
330.394915	2.149162	0.062894
331.469477	2.149175	0.063046
332.544090	2.149192	0.063208
333.618669	2.149158	0.063362
334.693248	2.149162	0.063508
335.767831	2.149151	0.063670
336.842399	2.149155	0.063834
337.916986	2.149145	0.063984
338.991544	2.149116	0.064140
340.066102	2.149122	0.064296
341.140666	2.149129	0.064452
342.215231	2.149118	0.064622
343.289784	2.149107	0.064788
344.364338	2.149099	0.064944
345.438883	2.149100	0.065106
346.513438	2.149086	0.065276
347.587969	2.149072	0.065442
348.662510	2.149046	0.065600
349.737015	2.149040	0.065762
350.811550	2.149057	0.065928
351.886072	2.149027	0.066088
352.960577	2.149062	0.066250
354.035134	2.149052	0.066416
355.109629	2.148997	0.066586
356.184131	2.148963	0.066750
357.258592	2.148894	0.066920
358.333025	2.148829	0.067086
359.407421	2.148802	0.067238
360.481827	2.148794	0.067390
361.556215	2.148774	0.067550
362.630601	2.148762	0.067722
363.704977	2.148760	0.067882
364.779361	2.148752	0.068034
365.853729	2.148773	0.068198
366.928134	2.148830	0.068360
368.002559	2.148777	0.068518
369.076911	2.148719	0.068682
370.151278	2.148738	0.068856
371.225649	2.148726	0.069022
372.300004	2.148712	0.069188
373.374361	2.148728	0.069358
374.448732	2.148728	0.069520
375.523089	2.148704	0.069690
376.597436	2.148704	0.069864
377.671793	2.148715	0.070034
378.746151	2.148718	0.070206
379.820511	2.148705	0.070374
380.894856	2.148654	0.070548
381.969165	2.148708	0.070726
383.043564	2.148689	0.070892
384.117854	2.148633	0.071056
385.192197	2.148653	0.071226
386.266507	2.148618	0.071406
387.340815	2.148617	0.071586
388.415124	2.148619	0.071756
389.489434	2.148611	0.071924
390.563735	2.148624	0.072098
391.638058	2.148640	0.072276
392.712375	2.148627	0.072450
393.786685	2.148613	0.072622
394.860988	2.148584	0.072800
395.935269	2.148601	0.072978
397.009589	2.148630	0.073146
398.083899	2.148588	0.073326
399.158177	2.148558	0.073514
400.232457	2.148565	0.073694
401.306742	2.148588	0.073880
402.381045	2.148589	0.074066
403.455331	2.148581	0.074246
404.529626	2.148574	0.074428
405.603905	2.148552	0.074614
406.678178	2.148598	0.074792
407.752503	2.148609	0.074978
408.826787	2.148538	0.075166
409.901041	2.148574	0.075350
410.975361	2.148726	0.075542
412.049767	2.148501	0.075726
413.123862	2.148363	0.075916
414.198130	2.148564	0.076104
415.272426	2.148556	0.076300
416.346686	2.148514	0.076504
417.420940	2.148497	0.076688
418.495183	2.148507	0.076890
419.569447	2.148514	0.077094
420.643697	2.148497	0.077286
421.717944	2.148490	0.077480
422.792187	2.148513	0.077678
423.866457	2.148566	0.077874
424.940753	2.148464	0.078078
426.014921	2.148404	0.078294
427.089157	2.148486	0.078494
428.163407	2.148477	0.078674
429.237634	2.148461	0.078872
430.311868	2.148457	0.079096
431.386091	2.148450	0.079310
432.460318	2.148459	0.079504
433.534550	2.148462	0.079704
434.608780	2.148469	0.079916
435.683019	2.148476	0.080126
436.757256	2.148438	0.080332
437.831457	2.148420	0.080546
438.905676	2.148438	0.080764
439.979895	2.148451	0.080962
441.054127	2.148531	0.081150
442.128426	2.148423	0.081372
443.202550	2.148335	0.081608
444.276761	2.148424	0.081826
445.350974	2.148389	0.082040
446.425150	2.148366	0.082260
447.499340	2.148377	0.082480
448.573527	2.148376	0.082686
449.647716	2.148373	0.082912
450.721900	2.148348	0.083136
451.796064	2.148331	0.083336
452.870231	2.148409	0.083554
453.944473	2.148364	0.083790
455.018595	2.148286	0.084022
456.092759	2.148337	0.084238
457.166932	2.148332	0.084460
458.241091	2.148318	0.084686
459.315250	2.148340	0.084908
460.389431	2.148324	0.085146
461.463574	2.148254	0.085380
462.537685	2.148248	0.085602
463.611822	2.148269	0.085828
464.685954	2.148271	0.086056
465.760093	2.148267	0.086282
466.834221	2.148251	0.086514
467.908344	2.148248	0.086740
468.982469	2.148265	0.086966
470.056609	2.148234	0.087202
471.130703	2.148211	0.087438
472.204820	2.148269	0.087664
473.278972	2.148241	0.087912
474.353061	2.148251	0.088166
475.427223	2.148191	0.088398
476.501252	2.148161	0.088624
477.575384	2.148236	0.088872
478.649488	2.148187	0.089112
479.723571	2.148199	0.089342
480.797687	2.148220	0.089598
481.871791	2.148174	0.089842
482.945861	2.148156	0.090082
484.019947	2.148165	0.090322
485.094026	2.148169	0.090568
486.168116	2.148171	0.090824
487.242197	2.148137	0.091078
488.316253	2.148180	0.091334
489.390377	2.148112	0.091582
490.464365	2.148027	0.091826
491.538404	2.148131	0.092080
492.612496	2.148140	0.092328
493.686544	2.148096	0.092572
494.760592	2.148144	0.092824
495.834688	2.148110	0.093080
496.908702	2.148061	0.093348
497.982749	2.148109	0.093610
499.056811	2.148131	0.093874
500.130880	2.148062	0.094128
501.204873	2.147974	0.094382
502.278854	2.148026	0.094648
503.352899	2.148114	0.094882
504.426968	2.148133	0.095148
505.501032	2.148027	0.095448
506.574995	2.147960	0.095730
507.648992	2.148048	0.095988
508.723043	2.148082	0.096250
509.797074	2.148008	0.096540
510.871051	2.147981	0.096814
511.945055	2.148014	0.097062
513.019065	2.148010	0.097338
514.093065	2.148019	0.097614
515.167084	2.147982	0.097888
516.241047	2.147960	0.098174
517.315044	2.147954	0.098452
